2048 2048
1024
1832 829 1962 962
1987 554 1925 528
131 857 156 992
775 653 848 634
1473 992 1454 880
144 237 238 121
935 1030 863 970
197 227 159 226
331 1024 203 963
1472 1306 1387 1281
384 1638 459 1646
703 1312 701 1360
953 1827 921 1767
1840 33 1843 30
598 1523 498 1630
1827 996 1712 901
1654 217 1624 186
1049 1263 1191 1158
1436 49 1516 49
1707 1448 1679 1539
489 237 452 328
1100 1026 949 1085
1356 947 1465 1106
1137 1722 992 1745
707 1260 695 1102
1300 1148 1392 1054
1145 127 1269 259
506 2036 653 1937
863 273 883 285
285 752 312 654
1184 699 1106 756
295 1361 206 1282
1997 1351 1836 1515
88 172 200 307
505 694 614 658
242 2034 89 1908
2006 1271 1846 1288
1738 1338 1855 1485
31 924 122 872
1091 1498 1100 1509
446 1100 592 1067
322 1957 193 1809
1289 415 1411 311
1009 1491 1133 1574
633 184 792 320
1933 1077 1973 992
970 931 826 887
1823 95 1748 65
998 1576 942 1465
1923 1894 2035 1798
1984 1108 1927 1033
1272 1880 1117 1769
1596 1359 1484 1362
1337 517 1355 642
431 2040 431 1995
1395 1443 1236 1556
1735 606 1784 611
287 1710 302 1583
796 69 843 19
1098 934 1045 920
1264 939 1189 796
197 1307 223 1326
1598 463 1490 482
1280 1631 1406 1625
1792 1030 1953 890
1517 1644 1425 1737
77 261 171 274
281 1831 174 1688
339 1714 246 1626
1658 733 1525 683
10 943 24 813
749 1001 675 1146
1696 483 1549 365
356 476 209 351
420 1013 484 888
425 875 403 958
1218 291 1216 422
4 368 45 347
1783 1201 1902 1051
1173 295 1139 347
394 415 295 393
1115 1364 1228 1400
813 751 870 832
310 1783 395 1701
889 642 938 543
122 1743 209 1647
1388 1789 1544 1892
916 931 1070 1057
409 845 381 735
1371 1048 1378 956
654 324 511 331
107 1268 191 1307
1497 1755 1479 1824
602 1037 508 1078
1154 219 1316 66
1665 212 1583 98
1750 1852 1834 1863
1767 453 1818 486
1088 1574 1096 1439
542 1027 587 951
409 1737 392 1589
789 1782 853 1739
1330 600 1335 574
1174 1513 1069 1424
1860 784 1818 746
30 112 99 100
1405 166 1337 132
155 126 11 56
536 1447 638 1578
474 118 344 224
478 1471 352 1378
1144 646 1105 702
1702 1415 1831 1463
1755 1687 1915 1818
1828 299 1688 394
199 1339 362 1295
1906 1353 1792 1240
125 1298 193 1390
1203 879 1140 756
116 401 63 345
501 1126 478 991
574 1924 563 1893
752 1988 716 1964
1011 1265 1075 1329
233 827 339 779
1907 665 1945 752
1981 438 2013 498
1546 59 1531 216
2001 1530 1927 1382
1476 868 1525 852
151 661 220 583
1501 74 1475 179
1115 901 1231 955
269 1642 298 1528
993 923 1074 1022
1522 1657 1502 1521
581 753 665 616
1228 1531 1145 1483
202 1526 188 1648
851 25 753 120
1357 1885 1430 1953
251 437 240 474
1852 893 1945 1046
1516 1150 1470 1284
1027 1559 909 1572
1879 220 1840 80
1753 1949 1763 2018
982 1384 857 1413
352 867 321 823
753 1233 606 1380
1669 708 1530 821
1336 1436 1229 1526
465 350 404 470
1779 625 1916 642
395 440 559 567
858 554 929 455
1486 1104 1467 951
1888 29 1853 37
748 156 651 15
421 1097 393 999
537 337 541 319
1730 1901 1592 1896
1264 640 1388 735
57 1419 132 1330
1471 510 1520 585
1237 1300 1111 1301
1515 433 1446 544
1612 1761 1663 1789
733 1706 649 1812
1446 1422 1585 1481
1994 756 2045 896
242 1004 176 901
2034 1740 2025 1852
624 929 693 847
1283 1542 1159 1526
1477 1292 1380 1398
1113 423 1182 367
1011 94 1120 52
704 1508 810 1556
1974 13 1979 147
1370 366 1510 530
343 738 473 594
1266 232 1274 247
1632 433 1528 529
1918 509 1883 400
1633 541 1767 599
1483 842 1583 987
380 1214 428 1228
788 250 816 151
785 1247 756 1255
1135 1916 1281 1771
698 1362 576 1421
1551 2004 1637 2018
451 72 517 115
1275 1071 1321 1128
673 1412 738 1550
1779 1728 1816 1631
261 1320 302 1360
217 599 290 448
991 1028 952 1112
1268 524 1276 649
266 303 323 295
666 1313 716 1226
786 1758 639 1790
1466 1821 1450 1902
600 271 669 148
1156 810 1272 955
1439 744 1451 777
281 1530 130 1490
1027 1498 892 1601
482 936 395 1078
569 587 410 546
1406 713 1344 773
797 1489 945 1550
223 470 374 511
753 1532 888 1554
323 1603 218 1582
108 1076 265 1106
1949 1564 1835 1631
1979 881 1887 892
1057 53 1179 16
593 65 666 32
759 1439 760 1369
1734 1068 1894 1217
1120 267 1182 324
1063 955 1215 1097
1673 224 1752 240
1559 846 1446 923
404 1716 461 1614
33 781 129 929
196 171 270 144
1413 567 1383 614
1930 1352 1806 1402
1633 166 1601 39
297 1195 219 1084
541 1629 409 1692
2035 45 1946 207
939 469 970 427
710 567 594 654
38 6 117 135
934 574 810 490
2014 370 1898 465
594 1661 641 1563
223 1312 223 1183
1270 1200 1132 1317
85 1009 181 1139
1503 1580 1531 1498
817 1036 884 1039
462 1194 467 1089
1670 1206 1792 1262
826 278 849 325
1388 323 1322 278
318 1199 224 1190
249 2000 311 2011
1933 301 1870 196
0 1124 119 1282
1670 1829 1793 1944
1619 428 1486 551
261 1723 404 1684
1981 796 2027 734
1699 519 1603 606
480 1884 444 1941
1411 204 1427 252
823 263 704 318
1167 1430 1317 1559
910 798 748 950
613 1993 458 1905
2032 721 1971 670
488 33 404 166
1655 767 1676 863
284 1578 317 1641
1645 849 1646 761
1924 1218 1963 1263
931 1906 826 1749
7 919 98 784
1981 1320 1981 1228
1133 1701 1096 1852
1059 1242 1121 1103
1465 1621 1547 1602
1560 1930 1599 2022
112 1334 251 1326
1788 1279 1924 1120
1774 1429 1628 1385
1124 1978 1230 2033
947 1600 794 1447
900 126 1022 166
136 1598 186 1481
657 45 800 19
904 1863 1020 1975
702 350 662 355
829 1341 927 1489
1337 1613 1422 1592
1166 1504 1210 1457
789 1658 815 1672
1915 426 1817 560
1052 1382 896 1483
29 494 191 655
1202 735 1064 670
1653 1378 1601 1410
556 1444 463 1301
1777 800 1720 661
87 92 88 133
1041 372 939 418
1870 478 1817 481
1557 1916 1407 1898
1426 214 1440 375
1510 404 1526 428
1504 235 1395 382
811 526 665 406
1028 1053 1118 1071
1301 1581 1185 1549
69 1462 21 1524
1520 1837 1426 1793
466 366 352 472
2 962 108 1064
454 2017 606 1868
1882 1676 1920 1613
1890 426 2036 279
1434 1647 1353 1806
836 1610 731 1612
654 2004 718 1946
1491 46 1373 53
1235 1386 1241 1297
239 1608 239 1626
1207 693 1126 547
1479 1442 1538 1331
1764 670 1739 718
963 1944 1066 1969
1275 1722 1404 1764
934 1732 978 1882
540 1170 483 1173
1809 1937 1942 1962
318 1599 449 1742
818 490 729 510
386 1410 528 1516
34 1789 64 1738
639 706 577 668
1381 227 1517 193
1521 890 1368 890
594 881 590 791
1816 1636 1950 1584
720 1661 620 1518
1279 95 1122 1
714 833 613 842
1152 865 1202 985
1217 1429 1319 1439
100 1587 34 1751
912 371 775 376
577 2047 669 1978
401 1549 317 1516
1411 401 1493 506
431 391 306 414
40 1883 52 1875
1734 1962 1572 1971
701 1743 568 1589
1817 977 1721 942
1166 188 1050 274
1004 380 1074 518
1218 477 1238 348
1613 793 1601 942
777 273 685 258
1349 1659 1250 1627
856 756 919 815
220 1443 180 1371
1095 392 1250 472
1695 15 1553 133
884 1973 899 1967
2031 709 1909 613
1661 834 1501 952
1565 611 1642 577
6 69 147 159
993 1570 1015 1564
211 420 214 565
861 1901 934 1869
1767 2029 1911 1915
1351 439 1296 467
1306 238 1205 386
945 1937 846 1816
1000 215 1012 273
1999 674 2038 658
925 262 969 398
401 2032 359 1945
409 1089 573 983
1407 1152 1488 997
642 1600 776 1552
1386 138 1238 276
565 1709 406 1606
1051 611 1151 676
730 668 735 621
63 1105 10 1266
389 1874 468 1715
1530 253 1487 188
851 1604 997 1478
910 1187 868 1350
5 1379 40 1366
871 1527 740 1549
427 1350 374 1244
253 1581 277 1556
1754 839 1727 719
51 434 145 281
230 337 323 216
1688 945 1743 829
2029 1892 1939 1925
834 1680 962 1823
2007 810 1905 963
329 311 204 193
823 229 754 218
1400 1553 1236 1459
637 381 491 261
1440 136 1595 280
572 426 454 562
1703 1350 1787 1255
1124 859 1266 824
500 847 477 957
1794 1752 1920 1597
943 24 1091 159
1774 943 1714 1094
1491 685 1524 667
258 976 200 1029
1937 126 2035 94
168 1007 96 1094
745 1329 634 1242
1709 1930 1785 1946
1497 1494 1492 1441
1051 1842 990 1863
1708 264 1577 401
1749 699 1789 771
2045 1684 1996 1665
1170 733 1075 634
1279 1373 1306 1444
1384 134 1280 261
1122 1590 1181 1431
1855 1789 1936 1724
982 386 1003 478
530 1500 677 1663
934 1920 806 1842
98 1010 95 1039
790 793 764 704
2033 1376 1988 1528
1153 1418 1175 1574
603 1856 660 1692
302 281 157 279
1411 182 1340 235
1912 351 1998 410
725 1421 851 1449
2029 495 1955 333
44 1657 86 1793
1453 690 1374 662
1664 2003 1544 2041
1442 1268 1436 1154
654 1905 680 1961
1450 1130 1336 1207
741 1058 812 1202
1162 1140 1174 1302
625 40 549 160
296 1490 418 1463
844 389 834 527
591 1533 540 1688
470 1633 576 1774
629 1711 784 1756
2011 1404 1986 1422
785 1489 802 1628
32 1444 87 1293
1671 949 1581 952
962 459 853 445
170 29 331 70
330 559 170 591
1973 1169 1953 1097
1680 1978 1798 1850
1227 425 1122 552
1780 252 1842 254
784 288 785 207
1308 1933 1360 1904
944 1038 795 929
1180 1134 1074 978
1224 0 1352 52
250 985 113 909
227 326 94 342
572 331 449 272
1552 988 1684 907
95 223 178 165
487 1964 399 1821
1755 751 1666 788
546 254 575 161
870 1125 817 1178
628 219 550 199
477 977 535 949
780 1409 861 1509
757 1862 871 1826
1438 1788 1427 1836
1686 380 1686 493
1255 936 1286 1011
1803 1957 1693 1890
58 1538 219 1691
1902 1884 2034 1813
1658 1443 1546 1589
1471 143 1577 82
647 794 589 751
985 1951 926 2031
1192 1206 1145 1370
46 944 35 969
389 201 501 51
1274 1111 1159 998
1807 275 1647 348
759 1691 674 1550
1495 611 1380 465
453 1548 334 1498
481 240 559 115
54 1718 20 1786
1931 1913 1820 2021
529 895 570 1058
1832 123 1837 144
1390 481 1516 413
1257 361 1138 450
337 472 410 606
360 853 260 801
1136 598 1109 451
1341 1703 1454 1566
555 1501 475 1552
518 1363 637 1421
333 1229 370 1284
1257 1792 1110 1654
1614 120 1548 215
985 650 1054 511
1149 694 1086 680
777 759 904 635
238 1239 137 1133
1317 1539 1256 1690
489 1937 618 1947
1835 410 1697 404
2033 550 1904 447
917 101 914 114
1756 1626 1616 1699
1490 253 1645 113
1905 563 2024 421
1929 1250 1952 1353
1038 950 939 1018
1996 1569 1873 1644
55 1218 147 1111
1191 1523 1353 1676
1208 448 1205 512
834 2013 858 1866
1620 476 1590 440
343 282 268 253
1275 118 1232 213
1078 105 1034 88
1205 953 1328 916
1970 777 2000 754
140 1783 181 1756
1780 61 1935 167
943 705 968 854
668 462 808 572
594 1608 619 1509
1109 1062 948 1100
1476 681 1329 571
1540 684 1529 546
1454 422 1596 403
1868 1892 1835 1811
1173 2022 1042 1931
1089 306 931 296
506 832 481 671
1236 398 1384 406
1275 1080 1171 1048
1539 1132 1628 1114
486 475 487 493
1827 330 1670 282
92 1036 32 1170
1993 505 1932 499
1986 215 1852 178
730 1053 805 919
1515 1239 1425 1367
610 1836 625 1928
915 1817 966 1823
1881 780 1917 767
132 1613 123 1506
1592 1844 1525 1924
520 1925 401 1830
850 1086 835 1076
1322 349 1287 285
1065 261 1210 154
411 393 453 282
1320 2026 1341 1970
1800 996 1689 878
600 368 593 260
533 598 502 676
1892 1648 1973 1562
410 1726 515 1848
420 1052 534 1054
64 1661 161 1606
229 985 98 896
561 311 614 166
1912 873 1930 727
1453 392 1343 377
1209 1353 1352 1425
1424 1571 1455 1441
455 1299 591 1185
1963 1873 2016 1887
1849 2017 1767 2041
1403 1020 1526 1095
1328 1617 1301 1496
1460 1321 1314 1330
230 760 369 770
1929 44 1774 92
2001 379 1947 461
1606 82 1504 9
1889 1922 1753 1979
1563 395 1491 260
1687 105 1843 37
951 1633 936 1552
1426 1967 1581 1968
1075 301 1220 304
417 1548 344 1621
105 722 207 744
1947 1221 1976 1143
324 1804 404 1653
1964 564 1890 549
241 1420 256 1363
781 288 926 370
1844 1277 1935 1304
757 107 768 82
866 911 784 1042
2004 1810 1913 1960
1948 353 1893 226
571 1479 544 1513
1025 205 1181 269
805 1890 861 1777
1482 685 1371 640
882 199 786 109
443 847 520 815
1853 1828 1901 1704
1224 322 1114 245
215 314 337 396
1360 851 1493 823
524 1655 551 1603
1327 1870 1219 1759
898 1027 818 923
1762 452 1807 361
1473 483 1592 501
226 1200 138 1190
1289 1989 1225 1993
603 1614 597 1774
1565 1087 1557 1212
1550 321 1475 259
847 1830 1000 1751
160 302 236 335
1710 522 1625 490
314 759 419 881
1963 1130 1823 1028
1039 1339 998 1331
590 326 600 282
1208 118 1065 106
527 397 396 403
1183 182 1076 155
1276 75 1359 235
1760 1826 1753 1886
1620 1661 1594 1561
463 1785 512 1847
665 1837 634 1834
1135 1569 1072 1458
1621 442 1592 456
1431 1537 1426 1641
1339 597 1192 527
1758 1861 1602 1981
1291 1981 1231 2035
171 1186 327 1254
269 506 122 640
707 839 833 830
728 286 832 375
243 1498 396 1546
1766 380 1660 536
1338 582 1251 574
91 620 0 633
1152 1474 1209 1437
1406 1652 1425 1496
1452 830 1445 844
1257 38 1412 134
1298 1146 1436 1252
969 364 837 305
1195 1668 1115 1672
2038 153 2043 74
828 949 665 895
1238 1671 1395 1834
1677 511 1757 446
1260 1800 1220 1737
577 1123 562 971
604 1522 540 1570
1893 701 1964 724
903 1409 1045 1320
1939 157 1878 32
1178 1073 1320 1067
1994 1928 1976 1940
1607 555 1569 409
93 1271 132 1381
1028 400 947 514
1538 274 1427 228
1343 1233 1333 1170
1196 1291 1042 1393
34 687 158 774
268 668 378 532
730 1503 772 1581
1995 582 2007 639
2004 704 1952 698
1117 1212 1023 1170
858 1775 739 1907
731 810 719 940
126 2008 171 1875
749 585 884 674
1187 1224 1058 1112
1278 746 1361 777
838 1256 913 1272
1475 1794 1588 1800
54 89 205 78
916 627 986 643
2014 390 1969 251
768 1049 641 1120
589 1752 627 1866
1001 791 1116 689
660 1312 758 1183
497 254 582 311
1331 927 1491 871
112 725 171 578
1119 1026 1264 896
1186 1961 1163 1818
607 262 593 225
1977 1739 1976 1667
780 468 815 322
130 206 81 234
1858 891 1856 931
698 1709 804 1777
1157 2040 1155 2046
1479 1418 1358 1525
1386 2023 1224 2034
988 1293 874 1387
605 913 553 869
1143 179 1264 343
1756 198 1708 131
1077 502 1194 357
608 1332 612 1460
1367 699 1281 660
1739 878 1689 942
1383 970 1360 856
8 1519 6 1484
1093 1086 1150 1161
1257 1227 1154 1326
1473 1379 1379 1274
1089 765 1045 859
528 1930 400 1944
994 146 1046 62
593 1243 756 1236
225 241 75 166
1905 1790 1746 1852
1238 620 1137 681
1184 1593 1287 1616
1710 1146 1726 1157
1938 2023 1954 2007
1541 129 1506 289
1392 1503 1312 1523
1445 1266 1445 1237
1890 1111 1744 1238
1985 892 1951 804
932 1054 834 890
990 1478 830 1461
1917 310 1893 175
638 1561 714 1666
1251 1348 1232 1231
377 1115 219 1213
925 1641 1063 1649
1704 838 1631 765
1459 1943 1552 2013
1663 1241 1665 1312
932 710 960 838
720 214 557 94
669 2008 639 1925
649 1733 629 1716
673 1658 563 1750
1227 1273 1328 1294
373 1193 498 1057
391 1658 308 1749
997 776 1006 749
899 212 764 350
28 501 126 438
512 1983 482 1874
1286 39 1246 103
1520 102 1551 11
1809 1652 1727 1580
1461 35 1514 93
363 941 449 927
608 905 744 749
1103 1777 1167 1642
1998 1174 1939 1314
771 514 777 450
1996 1562 2016 1622
1862 234 1827 123
300 779 430 739
1908 1946 1807 1980
1743 980 1697 1021
1748 1014 1833 900
1742 1549 1803 1532
43 1759 55 1701
1000 1992 959 1892
1751 1834 1726 1964
356 749 356 647
255 210 159 130
1417 1532 1312 1544
1792 925 1685 877
1316 252 1429 171
1135 1012 1224 1136
506 1585 461 1502
223 1231 354 1082
118 1458 136 1570
615 1946 668 1792
1529 118 1526 50
902 860 839 702
395 1755 478 1664
1751 1017 1709 1061
302 732 385 651
1831 701 1788 859
142 1248 33 1188
1455 1432 1407 1340
564 1687 408 1792
892 1130 834 990
1965 567 1953 532
1445 1236 1401 1305
877 1750 998 1692
886 1878 957 1808
216 1659 83 1669
1352 1990 1231 1851
558 620 504 657
1223 1572 1265 1509
1351 1073 1428 1107
74 334 89 219
37 1034 137 1140
543 22 480 2
1945 259 2031 273
302 1654 436 1660
34 1758 66 1896
605 461 614 476
130 1457 83 1304
801 1311 944 1188
1759 1246 1685 1245
1922 579 1853 447
1021 443 882 284
2041 796 1980 796
1750 794 1630 771
330 1663 278 1510
1262 1053 1134 1120
2029 2023 1999 2009
1774 1237 1878 1318
121 752 76 806
120 92 161 109
90 1842 194 1868
978 1057 1036 1108
1927 4 1805 0
1964 248 1956 236
205 770 282 769
1140 2034 1030 2047
1786 143 1895 256
32 942 140 896
1296 1528 1221 1626
753 258 664 340
905 443 1020 549
215 1243 241 1079
1222 14 1314 52
149 1524 82 1560
1310 1109 1265 1202
1317 851 1429 762
1559 1723 1537 1801
1583 1430 1725 1513
1869 1533 1718 1408
202 476 114 559
23 233 53 173
431 582 510 738
736 496 662 394
7 100 149 26
835 327 684 308
896 1353 930 1203
929 967 895 1036
127 572 222 674
939 987 809 867
999 163 1045 304
1904 930 1805 913
821 854 885 1006
1777 1632 1816 1474
1106 975 1124 942
1284 506 1179 450
90 680 232 559
452 595 493 604
714 908 790 913
1826 576 1692 557
1103 1869 1145 2023
1854 1625 1832 1527
1456 547 1571 705
486 1103 594 1266
223 817 352 908
293 196 323 204
1640 1407 1565 1373
1661 1268 1616 1324
901 1152 878 1219
1000 1821 1003 1959
1504 1430 1383 1381
1375 1896 1294 2046
1943 477 1788 425
481 1821 361 1876
977 666 813 711
561 490 620 596
1659 290 1516 170
1667 1155 1544 1298
2017 1697 2042 1770
1992 1086 2039 990
524 1257 677 1106
166 1375 66 1420
1504 77 1409 130
684 1244 692 1245
817 1598 684 1724
497 1198 399 1307
1424 1664 1410 1807
478 1430 321 1314
2040 1564 2013 1531
269 364 123 212
1920 389 1937 496
1291 428 1334 585
193 1194 198 1099
1135 341 1140 395
768 1846 866 2002
425 1045 523 1130
466 1191 501 1092
970 169 850 41
900 1924 798 1861
791 785 900 675
615 830 489 693
2041 795 1987 879
1974 1426 1895 1415
1006 1134 1102 1101
2010 915 1909 884
231 668 158 509
1645 386 1691 378
248 404 138 565
954 1337 863 1243
1582 1782 1479 1641
1315 21 1161 75
416 789 549 913
1690 747 1720 658
1919 1846 1971 1900
265 346 153 247
1909 119 1944 9
739 570 860 531
1117 83 1227 236
1216 586 1127 458
871 992 915 1099
1253 1654 1181 1690
1384 1662 1415 1653
897 905 973 819
1435 1833 1423 1818
1598 1806 1535 1661
1092 47 977 194
1093 1504 1203 1380
1921 1373 1871 1364
734 1932 712 1962
1358 988 1285 1064
1045 1071 1042 1188
326 191 285 59
1120 1252 979 1390
1113 1339 1144 1417
1862 1337 1996 1459
675 1375 589 1272
444 1857 506 1749
142 1969 138 1973
677 484 708 500
1037 691 1069 694
609 1418 493 1579
1207 1837 1350 1680
1462 1453 1382 1322
1004 1917 1014 1910
492 746 441 804
2036 1176 1977 1040
664 119 762 119
628 1208 605 1084
1901 1642 1793 1645
421 146 542 210
19 1196 73 1252
192 1301 28 1433
369 898 457 788
138 1848 254 1708
1513 636 1402 512
1717 1643 1617 1775
416 1828 276 1792
1217 399 1270 281
1796 911 1804 975
98 1086 92 1062
1249 1427 1365 1269
413 816 406 736
1145 612 1277 644
1158 35 1261 150
950 1706 1010 1671
1316 1750 1172 1783
1195 1454 1047 1410
999 1742 922 1611
745 1528 788 1690
1520 2012 1381 1974
709 907 572 862
84 1479 69 1407
1357 637 1333 545
1560 1664 1701 1623
1507 1447 1458 1499
1633 2026 1513 2037
1878 1534 2024 1567
283 1600 199 1480
472 2046 311 2031
1902 14 1856 45
1560 153 1480 208
1065 1922 952 1906
1139 446 1152 566
157 817 12 675
865 1009 907 1012
1662 1266 1789 1165
802 1274 704 1241
1140 1013 1238 864
1507 1548 1671 1705
517 381 559 349
1477 1169 1538 1173
1948 1360 1981 1498
883 178 815 324
944 1126 804 1076
67 648 52 523
