2048 2048
256
724 1954 795 1950
470 563 493 499
173 28 27 184
1576 2047 1711 2007
426 237 383 250
1165 1292 1260 1128
969 212 871 299
1315 52 1162 68
784 1064 870 1190
1536 540 1402 518
1453 1309 1617 1231
757 1902 708 1900
1985 595 1941 614
1114 1038 1209 929
205 1926 174 2006
1131 1290 1162 1320
1670 795 1513 789
378 1913 356 1887
1612 1813 1614 1788
1618 197 1738 63
250 492 329 349
1266 414 1353 464
1895 1507 1942 1427
1022 1609 1101 1691
989 403 936 409
375 1683 494 1649
1859 40 1905 20
1774 783 1906 858
683 1450 585 1462
196 311 334 371
353 35 448 57
910 932 1063 884
1363 573 1274 723
1372 711 1323 859
1643 1012 1620 906
1227 134 1339 241
1544 357 1492 375
1443 737 1294 874
1819 1751 1849 1819
462 803 440 876
1066 1934 930 1965
258 1368 338 1356
1909 62 1765 172
926 1524 1078 1397
1242 1494 1248 1634
748 732 861 614
1469 376 1590 485
496 802 603 927
1130 1638 1231 1777
500 908 396 891
1509 1537 1567 1497
1104 1533 965 1680
1849 1680 1722 1832
1319 247 1438 208
1274 1185 1197 1216
1707 1995 1750 1964
1567 1153 1724 1301
50 798 74 772
1250 1283 1223 1412
352 1897 497 1804
1583 209 1614 301
1856 1962 1790 1925
187 834 136 909
971 1038 813 935
562 599 509 519
574 872 429 730
953 1829 920 1885
38 532 179 493
797 563 846 452
765 1565 697 1417
628 1450 469 1489
601 744 442 836
1812 625 1682 544
453 168 299 203
1459 220 1352 278
1020 37 946 117
1846 1675 1880 1623
672 833 750 670
1737 788 1862 920
1076 235 986 357
11 1677 79 1637
1521 1101 1598 997
1539 25 1433 118
1640 900 1677 1059
1013 83 931 21
1056 40 1068 156
511 1302 387 1375
1975 58 1943 105
1596 1392 1584 1485
1523 0 1658 106
1240 420 1295 576
1327 895 1340 810
433 1711 597 1593
2032 646 1897 706
1425 426 1326 473
2000 1027 1937 1114
1617 146 1609 248
1526 1224 1392 1063
1307 733 1440 698
917 221 1027 288
691 783 845 830
126 1386 169 1385
737 229 676 274
1778 1304 1839 1152
996 634 858 581
1810 146 1973 176
2046 1424 1940 1577
2000 976 1912 1071
1353 441 1288 506
1443 1538 1301 1525
108 1104 110 1072
193 719 75 559
1737 1878 1733 1854
1249 1659 1251 1581
1537 783 1449 873
1390 337 1415 448
1526 1438 1539 1349
1818 1847 1774 1736
217 1274 335 1128
1090 1232 1250 1190
210 1574 62 1464
233 1847 129 1983
834 314 826 176
979 1414 1005 1528
47 394 52 337
610 882 501 1023
1521 1321 1583 1227
1171 1350 1060 1260
1040 1371 981 1217
1653 1455 1611 1514
1143 485 1118 575
283 1739 300 1767
134 27 175 137
1087 1980 1049 1932
1276 17 1154 114
424 1213 557 1113
1335 434 1193 395
833 808 948 747
1315 1681 1211 1572
733 467 689 389
1366 567 1528 639
554 332 630 290
779 122 897 280
136 1415 201 1452
198 1129 138 1072
517 1022 385 858
1832 938 1950 995
1181 558 1098 505
128 1625 105 1515
793 1784 935 1666
2047 1505 1977 1345
1413 594 1386 483
339 728 468 595
725 1241 598 1104
203 542 80 452
544 1017 446 1099
880 687 1007 742
1466 336 1491 251
1169 93 1089 180
924 445 960 302
307 1488 329 1341
1876 1029 1824 1139
296 1321 231 1378
154 861 52 1005
1419 1532 1450 1548
395 670 245 700
1253 1027 1267 1052
940 1300 1006 1274
87 1360 58 1243
400 1873 472 2022
480 1921 384 1798
308 1101 258 1171
44 1995 74 1921
1160 1278 1321 1187
1546 485 1393 344
1274 1676 1202 1788
1182 1957 1052 1825
1820 361 1925 201
1342 849 1242 755
302 1078 466 1045
1390 224 1413 144
1164 1683 1121 1602
898 790 953 821
1918 481 1970 401
1741 809 1645 670
516 1254 565 1316
752 1914 611 1943
357 1974 317 1924
1780 1279 1925 1404
818 173 730 223
1848 311 1923 372
1109 211 1220 257
1505 1959 1455 1904
605 1940 698 1863
1455 1192 1353 1178
409 1543 324 1491
1891 826 1878 834
975 92 1015 159
70 676 12 517
915 1521 1016 1596
1822 609 1673 673
1164 588 1185 558
1153 1883 1261 1751
621 1059 654 1176
1547 1087 1491 1024
1091 627 963 607
1164 1963 1105 1817
100 537 179 534
1974 897 1946 853
1018 238 926 310
117 553 22 712
1384 354 1326 205
668 174 662 121
691 86 778 243
944 1217 940 1057
1665 270 1732 386
1107 1954 1260 1922
810 385 924 221
1926 1277 1957 1163
1841 792 2002 704
1197 170 1233 230
261 71 310 92
762 1456 632 1397
810 1967 661 1805
985 307 957 342
1203 1524 1279 1619
575 1040 484 1183
1385 1952 1419 1791
1592 1630 1496 1544
369 1220 400 1114
1340 1109 1450 1036
986 1970 906 1838
351 177 265 174
1372 735 1494 824
1008 1191 910 1328
1945 1094 1820 1038
1372 1668 1314 1670
609 570 540 625
233 1178 225 1293
158 390 152 534
1997 1303 1928 1347
993 1317 852 1321
1734 190 1849 74
1211 1193 1299 1230
1293 1858 1273 1713
886 1622 1022 1596
997 1523 882 1526
1635 211 1619 340
445 1055 576 1056
1131 1873 1193 1779
1791 1197 1729 1154
314 1437 336 1545
128 1757 193 1610
435 1975 503 1903
2037 601 1893 581
1576 816 1670 662
