2048 2048
4096
514 1317 428 1377
1956 1512 1928 1598
1491 535 1490 657
1928 1637 2028 1757
1124 1456 1169 1394
1366 1091 1219 953
549 1844 385 1821
1395 328 1542 397
1273 236 1237 81
829 1838 932 1903
220 97 99 186
1639 850 1545 947
666 162 746 255
1498 1262 1355 1426
424 432 440 466
1272 78 1323 137
1378 2025 1323 1899
1131 1879 1181 1812
11 594 15 636
622 1539 766 1606
997 1519 1150 1457
1105 1835 953 1730
1835 1916 1723 1968
1072 845 1068 721
1644 648 1655 596
1996 690 1877 660
152 893 7 932
1630 1104 1755 1232
804 1431 798 1568
90 1295 188 1392
1467 64 1328 210
1273 993 1122 1079
481 1317 402 1405
1685 741 1718 713
669 895 665 838
612 1562 607 1671
512 1929 585 1891
345 417 351 522
1974 103 1976 30
1315 326 1340 180
1895 1200 1731 1179
750 479 783 495
111 1433 12 1543
1715 1816 1676 1838
1867 404 1856 378
1326 251 1216 380
1741 1254 1801 1238
374 757 493 781
1945 1337 1909 1460
1123 1350 1174 1253
771 1578 850 1492
858 1634 909 1619
491 1725 539 1857
1925 1541 1761 1496
841 1301 765 1463
1930 1540 1774 1648
1201 1016 1255 1019
1409 1069 1509 1102
1616 1287 1766 1375
332 2017 485 1876
891 1571 780 1650
1296 87 1200 248
1127 892 1232 981
1121 497 1037 493
523 1046 393 1032
923 714 1049 554
847 1867 865 1881
1338 244 1361 235
806 1406 743 1446
490 86 326 100
1712 508 1869 439
1160 1469 1276 1408
153 72 174 101
191 1298 202 1269
859 1325 992 1473
1324 1631 1403 1765
959 1543 1029 1419
231 366 303 248
1861 1730 1780 1581
1764 1781 1914 1813
1568 2020 1439 2025
683 516 560 495
1190 474 1278 406
1989 1122 1878 1240
823 2008 669 1977
1111 1227 1066 1342
1638 1058 1752 1076
201 177 222 208
1176 375 1288 479
1303 1621 1382 1509
1495 144 1430 191
2036 70 2039 141
457 2046 549 1930
1351 1520 1404 1418
376 658 464 642
716 426 756 354
605 1487 679 1409
238 1656 177 1685
2011 1555 1923 1432
1289 536 1340 664
1696 302 1792 297
1256 944 1330 984
655 1861 613 1865
995 1174 832 1143
1012 972 1111 1038
1746 51 1876 92
1739 462 1829 475
201 1232 63 1159
1718 104 1875 92
1806 1398 1672 1296
1893 152 1803 140
1748 1760 1703 1883
515 1846 534 1758
254 667 353 734
127 425 110 499
1670 1249 1556 1226
53 74 95 114
420 747 538 584
2046 1639 1961 1685
1059 226 1180 170
1993 594 2042 727
2025 1363 1940 1228
775 0 919 59
39 52 51 62
709 562 748 701
725 188 713 296
632 1917 682 1762
784 1197 715 1357
486 1431 412 1506
1048 569 1092 540
1964 464 1872 572
798 1896 735 1750
985 945 957 1028
115 956 24 849
773 213 890 195
787 714 787 852
1149 1056 1027 1029
1629 1306 1480 1204
700 817 837 824
1319 1251 1175 1413
133 1954 244 1919
1057 1993 1113 1931
390 2039 417 1883
10 699 164 732
1982 2028 1884 1905
33 876 149 948
390 1233 292 1339
722 1133 710 1187
2010 1354 2029 1471
934 902 909 1007
1479 1830 1555 1856
500 155 386 298
399 2025 306 1903
1981 651 1859 587
445 619 570 702
1038 215 913 198
488 1113 528 1021
1700 1301 1692 1449
1472 327 1364 386
340 1627 256 1507
792 2028 753 1873
3 903 141 915
33 136 0 157
1112 1175 1023 1037
1970 1828 1818 1909
1808 1652 1670 1606
143 249 157 154
428 96 550 151
532 1760 368 1806
375 72 284 76
1922 447 1900 435
1295 1473 1247 1508
1483 1033 1429 1039
1266 839 1414 862
2043 415 1923 578
333 363 402 337
1077 596 1221 685
235 957 136 920
1443 874 1588 993
558 1324 538 1401
1345 112 1355 176
602 379 540 480
880 484 855 568
788 1895 712 1792
1317 1593 1342 1480
1058 1686 1193 1731
1436 1145 1555 1001
120 1939 194 1828
1845 1490 1742 1495
930 1085 1006 974
1051 208 909 154
1817 205 1735 161
1207 725 1138 577
551 778 664 915
54 875 214 941
537 228 492 236
1630 1302 1517 1229
1100 616 999 727
1878 852 1950 841
562 1307 560 1371
924 835 1068 817
1381 1990 1419 1862
847 1226 768 1274
1918 1374 1983 1493
1920 1804 1844 1897
1469 859 1410 761
1184 1245 1264 1122
45 1267 120 1127
1428 1404 1380 1390
37 1643 58 1705
1019 1265 1129 1229
1458 1733 1318 1871
1826 1860 1811 1947
410 220 421 307
1372 850 1224 697
311 1372 416 1229
897 1364 872 1269
621 771 662 739
1099 1124 975 1177
1471 765 1484 710
908 1134 875 1236
1247 1315 1252 1245
726 1711 684 1724
1575 1486 1680 1610
776 206 649 336
1211 382 1341 408
719 441 613 563
382 1783 228 1664
150 1406 54 1393
348 947 348 993
1209 1969 1358 1889
1493 1638 1647 1485
870 1912 943 1953
1027 114 1085 155
1724 1767 1681 1748
1973 285 1859 289
1077 107 1029 113
1072 1806 1064 1660
1891 1599 2021 1579
827 948 959 849
981 765 843 856
517 810 477 950
1529 1987 1520 2039
359 816 390 791
1884 369 2014 435
971 1818 1015 1958
817 984 979 998
1234 1054 1194 1177
1253 1827 1201 1843
1516 1975 1635 1851
1707 1941 1867 1810
215 473 96 586
124 1329 24 1285
672 1110 775 951
1539 85 1652 62
1013 1251 1093 1352
809 1710 730 1863
465 684 382 524
611 73 666 100
1531 1559 1453 1597
879 443 1004 348
1028 1823 1162 1863
286 1339 359 1258
1720 21 1606 42
260 638 278 529
884 1087 831 1127
1996 572 1982 529
1371 135 1235 250
2004 474 1925 388
1851 249 1787 88
436 1750 297 1817
1625 1460 1526 1467
999 1235 959 1215
1211 1319 1298 1390
53 1213 78 1168
1825 419 1850 319
687 1569 645 1614
1786 2034 1735 1923
173 1592 178 1714
1095 481 1110 398
298 1490 420 1401
1777 113 1868 197
1653 35 1699 194
1318 1993 1360 1885
455 325 447 270
1835 670 1949 624
29 462 101 329
278 1394 359 1507
1315 1240 1329 1311
1357 1805 1473 1704
1348 951 1428 871
1270 1475 1240 1389
809 1827 876 1727
540 1392 482 1552
962 779 1045 677
912 389 881 241
1586 7 1457 55
416 636 577 754
524 1237 630 1285
1778 1104 1857 944
1686 1365 1525 1328
1278 1569 1292 1717
1705 131 1563 192
553 734 610 645
561 1363 588 1511
554 767 533 657
1258 1217 1212 1088
1971 1673 1823 1824
1663 1643 1777 1567
500 1588 487 1637
1650 1913 1535 1992
1800 1951 1643 1893
988 1835 987 1878
1713 717 1788 776
1643 1867 1726 1803
1712 1040 1758 1023
627 595 708 470
839 454 800 339
1920 586 1921 620
1893 663 1825 694
74 183 52 261
1735 236 1868 306
1820 353 1934 305
1509 1572 1592 1606
1378 1160 1372 1054
1386 1956 1355 1860
1171 357 1117 499
1844 1495 1818 1525
292 114 403 31
177 1297 58 1422
1514 1461 1445 1499
884 420 925 454
1671 1199 1650 1245
348 765 496 604
1053 1248 1024 1172
421 802 443 686
1482 629 1626 548
1695 730 1621 743
1140 10 1303 136
810 538 794 552
379 604 358 496
1656 1450 1703 1359
1745 1099 1800 1095
1565 675 1691 636
86 603 212 703
1635 54 1514 115
1038 1294 1057 1136
1736 990 1791 1120
1220 243 1197 125
1797 766 1852 657
931 278 1059 425
445 337 402 352
739 438 590 323
1245 212 1251 111
380 1217 504 1251
189 1894 36 1957
1043 1401 1121 1538
377 1918 268 2040
230 966 78 837
1497 1371 1509 1373
1002 424 960 438
467 1819 518 1726
1611 715 1613 853
603 1387 693 1302
831 382 717 459
1145 85 1178 122
1322 644 1466 596
496 1430 618 1561
1011 1702 1156 1815
1470 387 1313 250
762 131 653 154
1754 913 1699 983
900 126 881 245
1522 1551 1401 1574
1422 2031 1271 2014
1776 766 1710 800
1176 409 1088 520
9 1566 129 1591
382 555 254 515
308 483 404 387
989 1684 842 1695
339 516 236 635
1687 1929 1773 1921
261 1815 289 1657
1833 394 1680 518
212 1405 224 1500
1361 1572 1490 1476
1145 1496 1284 1575
304 366 418 370
613 420 463 284
13 1211 111 1369
501 315 504 255
569 10 609 149
1074 1938 984 1819
427 1449 288 1497
1516 671 1505 703
360 1492 400 1426
1851 257 1806 276
817 495 848 446
1570 390 1488 316
380 1591 504 1565
840 1114 860 1235
1127 446 985 346
1711 1745 1796 1801
1491 1099 1385 1188
1777 693 1679 803
1506 1992 1435 1909
1059 424 1027 268
1467 246 1427 176
833 344 872 420
1063 447 978 560
18 277 5 427
730 995 770 1142
1 1054 123 1046
728 1256 817 1241
559 764 672 913
1587 1565 1640 1692
2023 781 1889 919
56 1849 206 1733
748 946 848 853
742 8 755 69
883 1902 746 2011
1062 1610 1000 1449
1890 380 2031 372
176 1118 305 1183
1993 1344 2016 1241
981 1553 1014 1449
1185 1877 1245 1844
1571 1849 1659 1765
1320 668 1256 728
2038 312 2047 439
5 388 109 338
1683 167 1548 64
652 163 700 39
1248 1934 1343 1907
728 1617 756 1525
368 962 446 1119
1532 131 1370 257
1042 455 1016 447
1908 1696 1823 1563
1949 590 1831 476
819 521 847 491
396 1627 395 1541
2042 1576 1909 1729
2047 668 1914 762
837 1475 821 1566
1314 938 1213 792
342 1008 274 1101
753 310 755 334
1389 362 1251 408
886 2031 1022 1988
572 182 450 204
1105 1427 1040 1479
143 126 27 205
492 1289 473 1361
1995 2001 1844 1975
1327 1048 1333 1095
1610 301 1653 348
492 1108 600 1268
259 1161 407 1240
388 120 303 27
719 865 731 1013
1685 1920 1641 1959
1882 625 1745 765
185 19 202 165
2043 535 1909 511
254 2008 280 1972
1702 664 1710 782
2029 657 1944 593
780 643 847 741
925 1623 947 1552
266 743 380 654
507 1847 408 1803
1592 1401 1539 1564
1181 336 1337 445
1883 1247 1903 1328
1911 178 1928 14
1041 405 936 457
2003 323 2026 316
1446 776 1296 813
433 1138 466 1180
1836 708 1990 817
2009 1601 1860 1498
32 747 37 832
1504 844 1463 936
999 397 1023 396
46 75 146 182
1932 1694 1816 1623
1018 1484 932 1442
273 235 245 247
508 358 353 476
1427 1208 1350 1181
1571 1370 1639 1406
14 487 175 486
1492 913 1374 944
1242 286 1172 352
729 1094 711 1245
1546 523 1450 569
159 1010 299 846
2011 286 1893 419
991 1076 1048 1097
823 1507 951 1643
1524 573 1580 669
1944 891 2045 750
867 1363 885 1336
1849 1357 1894 1446
1093 1481 1018 1447
705 669 642 530
17 1924 52 1987
662 888 692 750
2035 1997 1908 1932
201 1643 233 1513
1654 690 1578 829
1735 1458 1705 1569
1030 1262 1047 1179
879 244 871 400
1053 193 1133 262
99 1460 87 1497
624 900 770 770
1055 219 964 353
1651 376 1761 235
711 1925 675 2010
1478 1388 1357 1311
746 1762 678 1793
1102 883 994 951
65 101 119 10
2002 1889 1856 1906
122 719 59 753
205 1483 166 1512
48 1414 25 1519
633 1744 535 1839
806 1154 936 1191
1160 252 1055 126
1721 920 1817 901
575 1461 679 1357
1082 1481 1120 1643
1127 1523 1267 1472
571 483 646 523
595 873 605 754
1121 525 1118 548
1507 1136 1651 1098
1632 1142 1588 1077
619 215 661 245
1684 66 1593 13
844 1180 964 1175
622 1939 585 2024
560 1149 615 1083
1179 902 1335 941
1264 595 1346 666
1285 1547 1398 1648
2020 1511 1977 1578
839 1932 860 1779
838 823 792 882
835 1906 709 1931
1188 340 1191 456
1484 1152 1356 1018
679 154 583 227
404 375 564 379
1012 1793 1113 1861
1187 346 1036 311
875 355 835 466
1735 358 1877 517
275 1123 317 980
857 1495 858 1372
708 115 847 73
1932 949 1772 1034
241 434 240 567
393 1955 433 1796
1132 262 1088 106
1506 529 1489 369
1753 1209 1613 1309
662 592 640 663
1074 621 1043 558
563 1667 500 1775
1492 1467 1486 1322
703 242 696 283
504 1024 359 1183
688 1969 831 1926
1108 966 1157 976
1419 139 1542 258
2015 772 1974 821
2004 932 2041 945
424 1084 336 1188
1674 519 1638 567
1831 1003 1822 1014
1483 257 1364 162
110 1743 210 1846
382 2031 486 1884
1678 685 1722 786
813 1584 943 1677
189 1259 96 1355
481 620 486 637
1288 1448 1167 1322
69 25 204 63
249 985 231 886
1375 579 1269 449
1840 803 1937 801
915 1641 975 1671
199 1166 289 1197
1929 1820 1874 1921
1666 903 1688 871
540 1624 517 1668
667 442 527 578
1329 1254 1229 1110
1942 1168 1871 1054
1732 1912 1596 1876
1986 1119 1979 1036
1690 685 1843 567
961 1263 1032 1144
963 1495 1108 1397
875 990 732 925
483 1165 465 1119
1567 1276 1653 1233
1700 434 1558 402
1615 1931 1568 1906
1575 1939 1514 1842
1379 1171 1532 1017
1529 332 1467 221
1056 993 940 954
1071 1059 978 943
1397 1306 1546 1437
1821 1481 1924 1366
727 778 871 695
110 746 79 703
1311 1813 1186 1927
908 988 878 933
1971 620 1828 485
1765 1086 1651 1017
293 259 304 355
1892 114 1895 116
2000 1164 1914 1058
585 1233 454 1284
1742 1280 1591 1169
1680 152 1624 117
782 1822 824 1680
141 1817 177 1843
1935 564 1985 663
374 575 287 694
588 874 499 766
1026 912 1177 846
194 694 107 634
1229 1086 1214 1067
597 1663 516 1576
895 1273 957 1169
465 1217 447 1313
1930 1419 1906 1410
981 1970 959 1817
694 94 579 235
274 417 404 563
928 400 965 510
1930 1141 1897 1149
1624 1907 1554 1967
1518 84 1659 123
61 1830 112 1744
223 1416 313 1426
365 740 405 629
652 249 609 328
1226 535 1177 578
1914 675 1764 612
1132 613 1261 755
911 1817 1057 1752
345 1105 418 1207
1137 94 1119 118
306 1192 233 1113
1181 541 1160 624
1201 1007 1055 866
1730 625 1592 483
426 1658 342 1543
1385 1680 1364 1643
769 1067 760 1210
1112 1333 1268 1266
170 515 263 486
895 1761 1014 1808
1096 1720 964 1593
2008 540 2039 642
83 1152 33 1042
578 1243 658 1300
927 481 1047 491
1092 1071 1133 1074
242 1262 235 1149
1501 114 1583 98
1184 1837 1346 1911
1184 1368 1238 1219
1138 515 1143 380
1100 526 1037 567
342 1669 400 1781
33 175 92 277
1102 606 965 528
1495 402 1557 268
48 1 106 163
1802 1946 1896 1897
1799 1685 1811 1563
1822 1897 1783 1979
1829 1561 1784 1650
1285 643 1155 563
1574 126 1712 159
1137 1314 975 1447
1183 543 1104 627
862 1363 967 1243
965 476 852 501
523 2024 528 2012
1932 1009 1906 1044
71 191 132 139
695 1305 763 1343
1317 2015 1470 2046
513 1459 633 1351
1387 1500 1247 1571
797 854 852 931
1995 309 1987 197
146 1415 163 1328
363 919 452 1070
751 33 858 47
1321 813 1302 787
1176 813 1031 814
1912 930 1788 894
276 410 340 434
1225 1646 1281 1706
616 1739 679 1723
673 407 762 558
1048 1755 1146 1635
1517 1442 1421 1421
1441 1831 1506 1894
1194 686 1099 674
1714 869 1802 781
911 1160 1002 1193
1477 89 1377 12
897 1868 777 1896
1605 668 1600 723
694 1785 711 1794
1970 1214 1814 1185
73 1030 132 1041
928 1279 916 1403
1032 574 967 618
1457 1459 1453 1554
1619 1306 1532 1270
525 47 617 130
1375 224 1470 199
1039 1770 943 1692
1558 67 1449 164
1523 76 1617 18
984 111 834 115
120 30 209 48
1630 1326 1564 1246
710 1004 607 1137
2006 20 1921 45
1256 1486 1352 1373
1544 1458 1525 1354
487 1007 329 998
1624 1781 1675 1749
622 1705 721 1707
1858 2032 1840 1944
1836 690 1740 603
895 185 842 162
106 1388 89 1343
964 1134 836 1202
618 779 552 747
788 337 745 448
1949 346 2038 221
1185 954 1058 863
1213 476 1291 425
1489 1699 1620 1788
1756 1428 1871 1554
244 86 278 198
905 1304 902 1311
187 1997 181 1972
158 1560 177 1553
1742 1911 1729 1775
124 1215 64 1309
1057 1153 978 1128
252 1546 157 1601
487 1825 581 1971
1597 852 1540 707
345 949 231 1087
153 690 182 660
1235 1088 1349 1029
336 1552 405 1714
1461 972 1540 852
99 957 139 965
1364 1523 1322 1634
123 1945 154 1935
869 693 790 644
268 1147 276 1299
1870 963 1783 981
83 994 156 847
1840 667 1903 643
1904 1282 2046 1189
942 586 1020 467
854 1446 792 1469
284 330 397 333
141 1263 166 1170
190 1949 231 1810
1790 1337 1801 1332
1230 1534 1132 1532
70 1532 50 1506
1569 1122 1679 991
141 1205 184 1311
1568 1727 1561 1603
1870 1026 1888 959
139 116 157 244
1536 755 1506 724
820 292 878 303
320 783 382 786
606 1843 451 1915
1088 1282 1043 1426
997 85 1081 107
1826 1387 1988 1432
1724 552 1611 408
926 1790 936 1652
1664 1723 1566 1608
392 748 228 693
801 965 821 845
1428 1929 1506 1806
693 1601 579 1446
414 770 466 729
1604 2047 1618 2007
1583 59 1521 47
601 1582 702 1491
1737 1752 1844 1625
1614 21 1675 174
766 1445 878 1417
960 1739 1062 1655
955 845 819 950
592 1695 708 1722
1632 747 1559 625
1786 367 1742 389
33 1432 122 1374
1354 1645 1398 1518
807 525 877 397
547 1444 651 1407
1319 1848 1385 1790
1292 1237 1338 1137
362 525 354 605
99 493 116 449
1929 244 1926 229
1631 1743 1718 1724
700 2027 539 1875
1314 1581 1318 1593
445 1355 321 1478
700 319 828 331
646 222 526 94
1169 650 1325 540
800 1002 648 851
2028 947 1887 962
1346 1470 1345 1410
1216 242 1352 230
1925 218 2021 117
1162 1577 1267 1624
1591 1766 1692 1824
1551 1245 1472 1182
1672 713 1804 859
216 155 289 79
1620 1565 1704 1631
1148 1809 1213 1877
1190 29 1075 139
105 1301 69 1173
39 1563 90 1501
36 373 193 490
53 808 132 703
1989 1710 2006 1583
776 1744 822 1769
41 297 125 135
15 1487 16 1580
830 1522 792 1631
1742 1350 1808 1510
1273 1683 1317 1844
1008 846 964 981
1759 912 1887 1073
2027 26 1892 173
1944 833 1881 962
1370 1112 1249 948
1520 1553 1538 1506
1934 1885 2032 1961
1450 336 1578 436
899 530 947 628
1739 1155 1749 1283
166 744 57 834
1129 976 1284 828
1280 1585 1341 1619
134 804 5 817
1037 1653 961 1742
161 1666 158 1632
112 1355 233 1234
1647 1723 1683 1841
592 2007 702 2046
1215 973 1189 950
1178 816 1047 921
1358 398 1314 289
619 2027 633 1870
1829 546 1764 568
1265 1211 1183 1330
45 1281 185 1288
583 1879 473 1842
216 674 241 666
1915 698 1934 660
1764 585 1918 709
1092 1517 1171 1573
314 552 272 703
1154 28 1216 130
418 1185 563 1088
1184 1211 1298 1084
843 1908 877 1961
492 101 501 53
1038 1670 894 1782
57 1186 195 1317
1332 2033 1413 1966
170 281 272 391
96 2004 107 2016
1615 851 1719 902
499 1904 371 1957
1254 1152 1275 1080
497 1284 589 1208
1813 1846 1703 1882
98 1943 247 1937
1197 1510 1081 1609
854 1466 833 1527
975 1153 996 1025
1502 1746 1519 1801
433 605 574 461
869 710 942 786
1265 951 1377 1095
1804 1270 1703 1428
1149 895 1258 829
512 1597 399 1588
1015 499 1098 346
1717 295 1841 405
44 840 159 810
1717 520 1620 614
1093 979 1010 1073
741 1403 885 1406
1691 1152 1737 1000
681 1267 648 1202
803 1268 750 1244
749 273 770 123
1517 1859 1387 1995
447 1617 323 1625
1383 1281 1502 1286
1427 1156 1591 1151
2022 323 1961 228
1244 1788 1307 1749
693 1457 587 1375
634 1257 794 1382
1609 537 1697 479
46 758 14 914
700 261 793 419
1397 963 1341 1048
1737 1459 1712 1598
31 1408 78 1315
977 1497 994 1399
1831 277 1908 388
1298 1203 1329 1119
181 715 152 795
1158 1879 1021 1727
1112 703 1197 622
917 999 827 937
713 303 626 211
1610 1339 1517 1276
1485 1502 1532 1574
1002 1708 1107 1645
1342 1758 1411 1910
891 1138 981 1076
1518 563 1629 453
707 1421 788 1304
1892 886 1758 841
1716 1791 1753 1660
693 703 767 663
1110 151 1148 223
161 1280 156 1314
965 269 978 345
614 38 547 37
525 345 643 295
737 864 743 993
1379 1272 1423 1345
287 266 382 213
1492 1783 1519 1925
300 1243 195 1336
688 1621 778 1589
1170 766 1066 778
466 17 438 25
1818 302 1661 281
558 1004 668 849
1726 510 1644 645
1482 1431 1354 1537
1819 981 1750 1074
808 356 739 374
1662 1834 1628 1899
419 1688 402 1789
1654 610 1533 599
43 1776 160 1617
1716 40 1866 148
1596 1354 1496 1409
1881 593 1894 628
325 1924 207 1792
889 554 1014 643
1521 1165 1397 1264
707 46 797 141
1182 1278 1280 1382
33 170 68 32
278 1755 238 1648
613 98 715 232
93 324 56 226
889 358 998 443
1770 1842 1906 1778
1969 1957 1991 1869
1876 1370 1861 1383
2043 1070 1886 1118
33 1630 135 1594
1706 758 1659 812
1493 1592 1531 1729
1796 1907 1886 2027
1321 968 1420 863
468 30 545 21
66 1619 217 1705
865 653 1012 541
1315 66 1184 167
808 267 868 167
773 871 923 710
691 653 825 635
1142 1658 1208 1724
1394 1734 1241 1886
210 1764 92 1681
1507 180 1639 307
128 1963 282 1808
1855 57 1725 103
1693 1 1655 147
691 1179 580 1053
540 792 403 818
1780 368 1781 520
1417 209 1313 49
1450 599 1600 718
44 2008 129 2043
809 293 833 228
603 1054 442 1119
636 1188 499 1159
1836 1903 1928 2002
581 1735 652 1573
463 820 604 850
1184 768 1275 776
868 1857 867 1833
543 1667 626 1634
1046 1823 1014 1806
2013 329 1931 377
686 1873 850 1949
543 918 437 823
343 1628 402 1474
1543 1258 1655 1381
174 28 143 79
1070 1680 1228 1681
1181 766 1332 853
1246 1082 1291 1035
1699 456 1862 613
1085 470 1128 311
1509 509 1438 468
1 501 72 645
379 1145 509 1218
1359 196 1232 236
1353 1276 1276 1291
917 1115 978 1146
139 967 132 878
329 1964 477 1828
626 127 551 225
1916 1171 1955 1216
575 744 495 613
442 1426 534 1475
1657 979 1559 927
1353 1425 1495 1557
1675 1558 1715 1431
492 644 340 656
1229 1608 1112 1734
206 2023 351 1960
1598 905 1527 907
1381 1379 1240 1437
1718 1568 1602 1640
543 1222 635 1190
413 176 526 309
1050 622 962 784
692 252 844 325
1027 355 914 327
1089 1396 1237 1336
1694 1834 1693 1872
1079 2007 1145 1916
533 548 451 612
1144 241 1139 160
761 385 794 270
1011 1910 938 1989
1976 10 1927 171
1179 1455 1218 1360
1248 1890 1312 1862
728 1790 884 1953
780 1591 932 1513
1355 1861 1386 1747
694 1952 574 2027
100 1071 136 935
392 1106 458 1043
2001 746 1852 824
766 457 634 384
1726 192 1787 279
222 84 153 17
861 703 782 670
598 1898 473 1870
128 1661 226 1614
1147 913 1205 894
520 703 378 779
412 1058 359 938
981 1070 1074 1068
484 325 519 277
1864 39 2018 91
84 614 84 665
616 964 505 1043
1449 1651 1386 1771
1460 1945 1338 1948
488 1678 367 1569
1559 1661 1590 1543
85 1239 155 1347
1888 1103 1789 1168
1476 357 1532 308
1090 511 1143 660
1763 1918 1895 1882
72 409 191 310
994 1963 1149 1885
1255 43 1411 52
1430 1533 1322 1411
1989 493 1998 543
822 1447 986 1555
220 1239 233 1115
710 471 814 394
1028 1873 1012 1948
1663 308 1566 310
1420 99 1549 2
760 1318 649 1232
980 1648 1124 1764
253 118 143 179
1549 921 1609 803
1988 813 2021 869
902 917 1047 831
1103 227 1026 139
586 1613 664 1452
2037 12 1937 47
806 1394 799 1470
990 576 859 528
967 14 1110 91
723 1574 570 1578
1189 632 1345 717
853 999 953 1116
1320 279 1388 429
493 657 635 614
1110 1346 1032 1382
1354 145 1515 190
1181 732 1318 737
587 337 621 462
382 1608 303 1498
949 139 1113 132
272 428 144 268
1165 647 1173 632
1503 837 1647 785
1026 1023 872 925
189 170 277 93
1708 876 1839 715
671 1810 775 1711
1598 1407 1716 1505
1134 1541 1151 1655
474 1104 352 1244
331 1007 273 1160
150 1321 180 1209
229 612 90 587
1239 1051 1210 918
747 844 810 751
1250 646 1149 693
1701 1406 1832 1354
829 1835 684 1982
1015 658 1049 622
188 1421 317 1566
1711 1644 1724 1748
2046 1849 2006 1800
1339 397 1278 347
1897 817 1955 696
1916 1933 1865 1878
2017 1553 1958 1465
1541 635 1598 607
1319 1028 1360 980
0 591 20 437
225 1265 310 1212
103 591 99 623
1786 1565 1736 1553
1274 1937 1119 1851
601 1768 701 1796
342 340 339 239
924 447 986 435
1316 33 1359 101
577 648 713 548
1500 1749 1636 1752
1693 109 1713 99
1701 1111 1739 1004
1093 1528 1037 1372
683 600 561 574
88 564 51 553
1883 1974 1747 1867
990 669 963 805
222 1502 240 1537
1696 1706 1680 1681
53 1794 164 1706
66 729 88 883
1308 1691 1380 1611
1533 1984 1506 1839
243 939 311 836
1901 1944 1888 1806
1863 770 1747 810
895 544 871 388
205 1449 131 1594
1603 802 1593 770
888 25 875 124
1511 1938 1360 1823
2026 1538 2039 1506
1928 888 2036 875
1451 67 1304 128
6 1517 167 1530
1393 182 1548 120
1650 217 1588 310
1357 1318 1476 1440
1733 1604 1856 1707
1777 723 1872 750
574 10 498 69
1514 1133 1500 1264
585 1200 607 1111
2011 211 1847 117
1774 295 1764 243
1839 207 1825 116
1237 516 1372 363
927 273 1073 185
1741 349 1645 342
1105 537 995 385
1416 241 1407 372
432 990 452 914
1682 833 1660 799
1062 905 1116 1008
645 1531 603 1390
1602 231 1610 317
1372 2011 1427 1968
1277 1343 1338 1498
309 1450 410 1503
513 298 370 295
1768 26 1892 78
313 996 333 1121
1062 1348 975 1458
1450 815 1286 935
753 1012 751 1145
1290 507 1155 517
1220 366 1125 410
383 1796 326 1690
1245 243 1305 332
422 2032 364 2007
422 638 352 557
2025 609 1949 534
1234 1144 1305 1068
898 427 1023 421
1355 684 1203 791
589 2030 581 1873
1159 665 1254 775
349 1957 233 2009
1962 1923 1877 1842
1831 1477 1971 1496
353 629 373 637
1414 928 1422 922
1717 1951 1684 1937
65 1462 197 1302
1829 350 1926 200
1582 1487 1440 1567
477 246 332 254
1269 1940 1246 1982
1810 1583 1943 1738
2032 772 1945 622
1794 1424 1655 1351
903 1377 845 1497
2002 47 1932 95
483 451 384 476
1073 148 1181 0
106 485 85 626
704 1948 699 1839
203 586 262 673
389 1313 283 1468
2004 1600 1851 1551
1881 86 1873 55
1154 1565 1286 1486
440 269 574 185
1652 871 1574 870
1676 700 1713 763
943 1808 1088 1883
133 85 68 214
556 1185 581 1339
610 308 494 286
1932 1011 1800 1010
145 1410 73 1566
1102 62 1009 73
1193 870 1221 844
690 725 693 707
1876 1285 1729 1308
1836 876 1890 1015
1392 1785 1473 1945
620 1131 724 1237
1915 295 2042 407
1579 1646 1721 1728
1637 871 1753 791
512 951 435 1057
1274 1581 1336 1617
1195 400 1033 374
948 1191 998 1167
1024 1155 1144 1204
1941 598 1799 456
764 88 852 2
906 1972 877 2003
1745 1711 1812 1824
1953 1872 1871 1717
178 1091 173 1068
498 482 547 625
1694 1538 1640 1581
1806 1076 1853 1116
1021 1473 877 1587
597 1212 670 1186
25 971 168 917
1771 1442 1613 1312
1433 1873 1449 1734
1793 1113 1911 1201
276 1928 427 1874
1762 1288 1894 1188
515 2005 517 1878
1875 904 1788 902
409 941 539 1053
1007 978 998 1128
1558 702 1415 695
1847 1737 1690 1789
191 148 71 198
202 1970 337 1994
293 917 222 933
1851 254 1736 100
2015 360 2044 303
1112 1139 1141 1083
162 64 83 150
1562 329 1611 173
1112 958 1143 959
291 1024 260 1168
858 439 838 560
1533 804 1611 836
278 569 343 712
1827 1907 1956 1996
1300 1398 1269 1470
816 1323 766 1321
327 1280 344 1187
1779 27 1883 100
2041 1658 1997 1642
766 1182 662 1163
475 1394 471 1266
1172 1895 1226 1945
1539 288 1636 340
802 291 896 128
200 228 207 114
547 726 644 780
752 1340 896 1422
933 866 895 848
782 1091 832 1007
1164 1172 1075 1099
1517 1708 1384 1805
579 1309 544 1314
1526 662 1508 623
789 1280 901 1354
1430 35 1318 66
1556 1529 1423 1404
257 1973 164 1931
1786 1818 1909 1961
485 1538 579 1454
752 1131 797 1249
1370 418 1500 472
921 351 896 308
163 396 288 240
380 81 387 151
441 1652 521 1563
870 763 723 630
1355 1797 1338 1755
1216 969 1151 1035
830 149 715 56
331 1632 369 1600
1500 883 1625 824
1122 1424 975 1417
1026 913 1124 799
643 1223 676 1262
1297 287 1180 268
1568 690 1662 786
23 1361 152 1361
1930 1932 1796 1789
1137 409 975 301
1350 482 1481 484
685 1733 573 1705
359 374 426 511
1606 1399 1483 1476
442 690 300 838
1788 839 1633 946
1306 1723 1381 1588
1169 1991 1021 1830
740 552 802 418
251 350 383 303
2018 455 2047 358
973 1083 898 1124
1766 816 1817 928
830 654 809 552
1042 40 892 100
1819 988 1716 1066
1419 217 1498 203
1130 370 1043 234
1582 149 1672 17
699 913 852 838
1505 1731 1468 1717
2018 678 1947 624
324 729 164 772
127 1779 270 1713
257 190 183 304
643 1734 526 1637
936 1195 822 1124
1758 1056 1702 1061
1598 207 1678 332
818 1078 815 1046
529 1991 493 2029
690 1141 528 1081
475 1350 385 1297
1032 1291 1163 1345
1019 1808 1073 1932
507 1764 535 1614
1990 1553 1964 1483
1866 686 1986 632
1073 1744 936 1895
956 33 1053 132
1104 1310 1240 1275
1176 1796 1119 1793
1516 282 1594 241
805 529 918 688
659 1095 701 1011
1562 1047 1627 1007
1386 1027 1537 1058
238 129 177 37
1547 1430 1546 1536
2040 399 1908 429
196 1513 79 1612
1062 1020 1224 1017
942 1821 1085 1979
223 1547 322 1513
1536 432 1402 508
266 167 130 105
44 1403 141 1537
2047 1601 1939 1643
448 661 442 707
1631 1764 1679 1633
1667 729 1557 759
652 12 739 90
1902 270 1772 413
1177 130 1226 229
187 144 340 57
9 449 36 503
1816 510 1862 603
517 307 380 397
1949 531 1904 680
462 962 530 1021
1347 225 1269 313
965 1550 1036 1507
1447 1792 1370 1910
1455 327 1398 187
1144 1719 1010 1634
6 342 124 227
1640 1691 1754 1654
1900 176 2022 48
33 14 16 7
2009 652 1922 593
1099 1926 1024 2006
41 396 80 523
752 861 773 965
492 1758 621 1606
846 302 755 342
757 878 805 951
1832 665 1787 732
1567 2002 1487 1974
1626 676 1531 564
1868 1588 2017 1528
481 1233 445 1108
1779 1506 1940 1557
1204 868 1133 1031
1550 1746 1479 1603
2021 35 2011 170
402 1962 313 1924
820 1829 951 1751
1072 1641 1122 1517
1516 536 1570 557
258 23 200 103
1419 1773 1288 1852
1587 1337 1472 1196
664 356 608 428
1506 2024 1649 1985
1270 251 1319 346
568 214 504 163
1969 818 1964 843
794 1781 688 1788
234 1561 99 1495
1922 1257 1940 1416
745 2009 899 1882
174 1360 125 1366
775 1411 922 1430
1859 1011 1928 987
1811 1921 1700 1793
115 490 99 388
1311 729 1271 613
796 466 711 325
532 1084 615 999
1863 860 1914 785
576 911 460 770
961 10 1062 141
317 780 173 696
236 1806 369 1826
400 721 452 857
132 395 117 544
451 1338 574 1461
67 810 62 649
765 1938 895 1827
1677 1795 1809 1677
724 1324 834 1395
1306 1752 1397 1770
1797 571 1826 599
1609 1593 1752 1437
1702 1729 1663 1874
1463 869 1456 747
547 1541 624 1426
1421 652 1434 720
1972 453 1929 496
1583 1515 1489 1530
1355 1921 1400 1807
813 1588 848 1735
536 1362 553 1372
1820 712 1972 715
1107 99 1182 235
1175 1234 1231 1199
1752 272 1830 390
1219 97 1327 164
102 2011 12 1905
622 1946 524 1897
83 491 217 483
390 1330 290 1273
749 1121 904 1133
1694 1221 1796 1262
622 635 662 641
1415 1877 1435 1895
879 1756 718 1869
766 1610 776 1652
1296 280 1402 125
1127 679 1101 832
1867 2017 2014 1996
1398 396 1454 331
539 1037 620 984
1316 146 1467 21
1675 368 1555 509
726 331 817 286
289 1305 138 1361
1998 426 1910 460
1843 117 1792 271
1543 195 1638 89
1061 596 1027 474
1484 89 1525 215
170 675 304 837
263 917 214 991
939 370 822 218
824 1986 983 1979
1351 2021 1331 1872
479 1267 353 1172
1168 685 1233 829
1842 146 1898 229
1330 387 1188 401
1042 749 1108 716
1721 983 1862 926
832 789 770 725
877 1872 817 1732
1894 888 1758 927
809 317 891 183
837 93 795 161
1734 1226 1598 1089
1563 727 1399 743
350 396 397 385
969 782 929 768
2025 1634 1940 1721
365 557 401 652
734 1631 870 1772
1042 1755 1054 1668
359 797 305 881
852 1601 816 1469
311 217 341 343
820 1736 775 1866
342 645 407 608
2018 1421 2005 1584
277 1588 168 1464
460 1333 350 1233
1940 1173 1823 1231
1733 1429 1775 1402
1916 1104 1857 1012
380 480 424 399
354 96 316 232
106 88 89 113
1195 1599 1277 1505
920 1175 895 1296
559 2028 594 1909
1989 1942 2003 2018
1441 695 1569 735
931 845 884 860
568 603 544 695
1319 1929 1291 1903
230 1767 250 1743
1922 444 2013 440
485 885 449 839
1322 612 1254 602
1626 1424 1617 1497
1268 1270 1184 1188
1625 618 1598 639
1918 334 1988 205
45 1533 33 1414
723 766 699 719
1227 331 1257 335
1445 448 1500 442
610 1329 723 1383
429 1546 267 1488
333 1892 375 1765
1527 971 1410 815
2010 1444 2047 1433
1682 1629 1617 1584
1870 235 1936 337
647 1489 544 1574
1410 1202 1271 1180
953 1435 937 1565
561 1764 688 1787
1271 1541 1392 1430
1862 1698 1828 1796
759 404 791 304
1529 458 1593 473
416 1198 279 1144
1122 944 1251 968
2014 601 1867 731
126 1018 166 1025
789 736 808 641
1526 1815 1616 1766
1391 136 1374 201
194 70 294 20
1768 1922 1825 1788
1195 511 1065 493
2030 1674 1941 1744
2000 1348 1874 1370
657 597 631 605
1522 755 1485 701
66 875 86 974
1215 131 1142 193
623 1692 482 1805
1967 730 1990 873
1619 780 1643 882
1732 1852 1654 1886
482 1234 535 1170
1767 1084 1753 1147
1976 254 1986 416
681 128 608 176
84 410 18 338
1599 1249 1625 1338
178 1942 69 1923
293 1492 281 1524
930 856 971 765
350 1384 278 1334
1822 2021 1714 1876
353 1457 406 1499
1327 906 1261 1016
86 1217 9 1078
275 989 285 993
708 69 685 123
1049 719 1162 689
6 1796 123 1725
608 617 484 645
965 2020 1010 1963
879 776 766 767
100 1536 47 1685
1096 324 1153 257
1926 1264 1762 1134
785 1474 891 1520
267 353 406 334
1768 1819 1636 1761
1403 346 1397 502
754 2024 885 1995
1429 1705 1443 1613
580 822 681 931
1893 1821 2037 1748
1166 1317 1084 1206
447 757 491 847
344 1466 414 1394
1189 1975 1171 1947
1273 823 1425 910
161 1898 62 1986
0 759 10 727
1671 929 1689 885
917 1635 944 1500
1854 298 1737 147
60 888 56 752
509 23 540 108
462 466 341 584
34 708 186 847
1826 1531 1795 1384
588 1421 568 1387
1405 923 1260 1009
1389 1824 1237 1928
154 436 188 535
1070 741 1078 718
1089 386 1000 517
216 930 283 1041
936 1791 858 1669
1825 380 1734 296
1336 372 1237 235
1630 278 1656 357
269 1097 398 1086
1295 1704 1131 1705
897 873 776 1012
1629 1689 1657 1764
2011 1910 1901 1992
902 1169 997 1306
767 645 617 700
427 841 265 748
741 1135 631 1141
1254 638 1354 671
57 1281 13 1172
601 2004 451 1956
384 1889 284 1836
1061 282 966 249
62 443 226 319
307 1832 209 1728
1104 972 1016 1133
543 1618 469 1514
1790 1592 1710 1469
233 569 314 713
1440 862 1588 951
1390 586 1465 580
553 2019 701 1981
1867 270 1794 188
1562 360 1446 459
999 975 915 946
377 1705 422 1676
825 420 704 350
1760 1409 1638 1552
1711 1154 1742 1316
833 1043 936 883
162 657 156 650
543 1385 687 1367
1819 482 1785 351
416 1511 528 1399
670 1896 734 1882
1658 568 1548 578
548 1164 622 1102
1455 1958 1546 1816
1752 1964 1657 1905
2014 1843 2002 1920
1097 1440 1103 1309
899 485 1031 406
715 1242 628 1275
137 158 152 29
1118 1488 1019 1621
1427 1013 1493 869
704 35 768 98
1823 275 1881 182
22 499 9 497
215 1416 145 1454
980 1366 1129 1334
1922 751 1823 687
580 621 645 710
1284 799 1212 834
1541 1437 1559 1438
712 1561 867 1677
1259 1172 1238 1312
1963 506 1819 346
1101 1194 1034 1222
1611 15 1534 146
125 732 225 704
723 1452 717 1496
97 1526 71 1570
1918 1224 1950 1159
1159 432 1020 284
1600 167 1592 76
205 1656 261 1755
393 1546 296 1427
1264 1050 1198 1160
916 1376 1067 1314
961 1308 957 1414
1426 756 1518 766
1376 652 1395 684
1081 220 1165 261
185 1551 326 1433
636 2034 554 1914
1351 1699 1259 1655
1196 105 1183 102
205 1984 174 1834
275 1274 407 1252
1102 1379 1014 1322
1600 446 1713 511
816 1494 910 1596
451 1236 505 1110
381 308 254 428
1727 644 1725 642
1690 1152 1741 1140
50 1829 136 1883
240 1998 180 1999
59 1863 54 1824
1649 198 1501 105
1873 206 1727 77
545 1676 480 1730
1488 940 1471 797
1727 196 1566 265
1109 1918 1067 1850
1987 901 1954 962
468 215 386 124
877 74 915 171
1530 466 1559 557
792 745 878 863
682 1041 556 980
988 263 900 323
1978 522 1988 460
1382 1237 1243 1100
398 1821 316 1958
116 1225 260 1194
1877 60 1786 146
1434 1150 1298 1033
612 978 626 873
1683 1610 1613 1703
525 594 487 734
1459 926 1311 891
1260 1541 1245 1565
1339 441 1464 548
82 1148 189 1084
1206 313 1261 313
1848 1819 1939 1870
1552 844 1552 742
1419 597 1276 568
127 449 61 463
696 1527 716 1656
302 579 302 546
1562 343 1430 382
682 1074 707 1182
1074 645 1126 535
1826 784 1876 778
162 1267 321 1346
1368 1400 1444 1472
1388 1486 1266 1425
951 1319 974 1279
1545 33 1639 141
1514 1035 1602 1100
30 92 138 146
265 930 248 1033
994 825 1033 989
952 1764 941 1780
730 158 794 139
1450 2023 1354 1897
1062 1237 967 1103
1753 319 1800 452
1653 301 1758 397
1438 1270 1306 1304
1913 545 1765 533
501 1155 588 1012
1550 700 1447 802
1996 1051 1839 1076
499 1456 624 1418
83 1243 52 1163
252 925 123 770
652 1992 618 1993
1030 1160 963 1162
411 385 336 431
686 217 767 68
682 2019 636 1928
718 1867 737 2028
1334 1249 1292 1259
673 263 731 272
145 1808 277 1660
1222 338 1067 418
677 3 551 86
1418 1149 1423 1153
1840 151 1902 257
1990 812 1827 974
1573 1177 1464 1216
994 46 1098 16
930 1217 1093 1340
1156 1080 1254 1090
152 1481 14 1413
542 385 390 318
1119 1820 1236 1781
584 243 641 308
702 1496 833 1411
615 1878 528 1774
674 181 697 281
437 1759 472 1603
1375 1512 1393 1353
181 623 104 745
1731 1332 1864 1477
1783 131 1700 37
412 1984 326 1896
168 776 236 851
2018 1632 2040 1652
44 2024 79 1914
866 1769 772 1817
1437 1124 1303 960
1063 1258 1114 1234
1080 1217 947 1274
29 420 172 571
989 421 1149 515
1965 1220 1836 1273
1057 1217 1085 1171
719 1959 682 1944
1935 798 1897 781
201 867 228 1028
1566 296 1647 274
83 1755 151 1641
957 958 1079 1059
799 271 755 417
888 1124 735 1039
1809 1663 1876 1657
1942 2030 1947 2046
1919 233 1840 175
1761 1964 1872 1871
1398 1346 1414 1483
14 629 1 681
817 1034 846 889
957 382 1037 227
343 81 331 46
1236 709 1176 580
1249 705 1311 856
1054 2034 1208 1942
730 1440 697 1461
161 1197 144 1177
1456 501 1575 365
589 1334 651 1472
1844 659 1700 579
309 44 354 89
676 223 560 181
89 1226 147 1353
1926 1881 2012 1923
689 1246 780 1394
1013 1129 1094 1141
585 218 487 245
81 912 67 949
1736 1635 1760 1671
1385 1442 1489 1516
1461 725 1315 731
1493 1313 1505 1420
438 392 509 416
773 1444 768 1497
375 551 218 500
1582 625 1597 786
1793 876 1834 932
315 1882 312 1835
1603 1180 1619 1142
1322 1862 1379 1991
1992 1217 2032 1101
735 200 887 77
195 20 317 156
1125 2001 1082 1974
1409 976 1400 847
647 276 766 334
1364 287 1521 345
892 414 901 483
446 1517 536 1681
1664 907 1783 1000
382 1923 395 1768
147 960 193 1111
1789 1812 1832 1946
366 1334 347 1439
853 1691 827 1747
469 762 624 702
681 246 650 157
1914 2041 1970 1971
989 1263 1048 1291
782 509 838 556
1465 1345 1307 1294
1480 1552 1380 1449
1756 1809 1627 1850
1741 1156 1742 1279
1528 1912 1605 1776
556 1424 522 1346
2010 1157 1894 1049
649 1795 579 1775
152 824 158 709
1208 929 1162 1063
1945 4 1792 107
60 375 171 351
1279 176 1194 91
1680 734 1527 845
793 1196 651 1324
1566 313 1580 152
721 12 877 94
2005 1236 1995 1194
677 899 666 861
868 98 759 171
1724 23 1758 164
646 803 530 780
1205 156 1153 4
1511 1114 1638 1273
902 365 822 284
313 706 239 751
193 1223 61 1101
311 149 267 132
781 429 807 516
1663 1274 1702 1363
995 674 981 830
2032 649 2042 502
1266 1118 1334 1240
405 1342 419 1415
348 373 302 444
849 378 867 221
1065 1126 1094 1090
389 395 310 419
1209 1213 1256 1136
1717 1252 1589 1230
520 1596 590 1710
1195 435 1154 399
676 1989 543 1925
2013 1691 1944 1572
1247 521 1095 489
1098 1288 1189 1411
165 1353 131 1512
837 1406 961 1511
1676 991 1747 923
786 1563 929 1402
1903 301 1829 435
892 360 868 361
1056 310 1011 325
672 1123 677 1184
1962 901 1883 959
359 42 429 89
1899 834 1735 976
1176 272 1113 296
1154 2014 1277 1884
1817 55 1929 205
1457 1176 1329 1295
724 897 641 880
1178 809 1150 965
1043 1179 1149 1293
778 1537 919 1596
1758 1241 1610 1304
201 771 195 670
432 1650 423 1501
1970 1269 1897 1126
492 826 540 787
1907 360 1884 359
762 135 752 91
137 1424 166 1557
392 395 379 487
52 1329 128 1269
536 685 670 654
740 907 869 764
277 788 238 780
681 1197 587 1085
63 430 142 316
1846 1680 1847 1623
1175 541 1273 494
582 822 708 812
698 1080 580 1187
1632 950 1505 1061
1075 831 1032 951
1456 134 1564 190
782 1732 790 1732
1072 1329 1043 1352
63 1755 173 1766
1773 62 1684 45
1383 1197 1343 1184
160 1760 217 1856
103 927 107 763
2028 288 2046 269
532 448 600 400
946 1082 1058 1079
1371 657 1259 548
82 87 234 120
623 1574 690 1585
682 1085 518 1042
94 1323 169 1191
1035 2038 1028 2043
52 855 122 1017
1698 767 1553 687
1605 1112 1735 1124
2023 1967 1904 1934
1411 202 1548 175
99 397 113 505
46 1220 6 1076
973 416 1119 458
992 30 1024 110
560 1828 433 1983
1323 588 1395 486
1858 51 1801 162
177 1990 303 1913
244 1738 364 1896
1650 922 1727 764
1724 518 1795 646
1354 2030 1352 1878
609 277 479 159
1141 630 987 683
1089 757 1215 900
1464 1991 1470 1889
670 598 507 627
23 1438 68 1599
1047 61 1152 108
2016 593 1935 499
1756 1126 1788 1194
731 1514 744 1500
343 621 376 642
1806 1580 1868 1707
1887 414 1822 484
1353 690 1502 533
1035 201 944 353
438 1945 319 1902
234 1652 392 1687
891 119 1015 159
1892 1728 1779 1579
79 1406 222 1531
200 781 100 696
1012 561 1078 676
1911 1778 2017 1822
68 1423 6 1276
1706 1909 1727 1980
895 1892 863 1772
1002 921 1008 763
664 1946 508 1945
666 2030 502 1935
1061 2009 1120 1980
1942 247 2002 258
822 1302 985 1180
46 1685 63 1810
649 375 520 427
686 829 848 725
1226 1819 1310 1872
999 464 1063 443
1042 589 1092 707
218 48 187 107
650 766 555 863
186 792 292 743
380 316 226 360
828 1901 778 2021
308 134 420 40
682 1678 812 1592
555 1829 435 1845
356 1415 491 1258
1096 773 1227 725
902 786 821 940
1541 290 1570 173
338 1649 249 1756
209 1980 74 1878
1036 464 1068 533
1965 627 1986 738
310 1087 203 1208
1958 2005 1853 2002
518 1979 643 1933
1232 280 1365 323
1238 1057 1393 1205
601 277 486 121
1468 1685 1309 1683
1276 340 1343 342
146 627 20 683
206 1358 110 1353
802 81 686 61
1136 1431 1075 1297
110 1408 68 1462
478 1243 401 1127
1112 620 1189 516
724 63 857 172
1113 539 999 486
1063 718 942 792
1540 1537 1473 1567
1768 264 1648 223
210 1821 154 1773
974 1107 833 1092
236 1407 238 1519
1476 852 1584 916
1548 434 1661 305
773 583 624 665
575 1711 624 1631
52 1847 196 1806
39 511 191 480
1990 2019 1907 1910
1654 1402 1551 1516
733 425 739 463
1456 164 1556 157
1591 1488 1536 1627
1876 1496 1773 1537
1935 1588 1830 1502
159 1034 7 964
634 694 613 622
1637 1769 1625 1918
1979 1222 1963 1177
1177 1581 1084 1604
1650 1283 1617 1230
1824 1614 1788 1674
1353 1280 1256 1241
1063 21 964 124
1751 802 1670 933
220 1414 370 1374
532 699 413 781
1643 209 1490 338
1513 502 1495 386
307 1717 327 1678
1669 1562 1715 1531
282 1450 217 1475
146 162 33 249
1579 727 1431 607
779 1260 856 1380
451 957 378 998
1650 1496 1698 1473
59 965 122 1027
849 350 836 444
1755 201 1829 132
135 1429 114 1465
211 28 370 83
1155 1609 1268 1496
1216 684 1344 575
1372 841 1534 864
1783 615 1692 463
1764 1599 1927 1721
674 1431 783 1501
1563 265 1587 317
1463 654 1535 742
687 439 752 506
1522 818 1431 890
1201 656 1234 515
1698 1075 1704 956
106 477 118 555
554 937 516 951
2039 531 1967 462
156 244 230 110
223 386 65 528
17 1989 48 2029
241 31 391 193
197 942 209 1014
1896 1934 1872 1850
1751 1593 1841 1702
522 1600 413 1611
520 1602 402 1755
346 222 247 236
1946 163 2041 240
87 1606 87 1681
911 519 866 569
668 85 772 175
593 771 668 646
1140 1996 1024 1857
585 753 690 836
1686 247 1673 360
978 1518 1010 1440
963 1690 852 1619
1586 906 1675 975
1130 821 1067 787
649 884 766 946
2029 1293 1999 1256
1736 1528 1778 1561
1091 1164 1231 1177
1207 371 1116 372
1988 355 1992 330
978 2016 945 1912
1758 1428 1707 1504
787 797 707 864
703 1539 850 1550
1835 209 1962 260
36 118 103 266
1938 1338 2008 1305
506 448 547 384
584 238 517 121
16 225 29 290
1957 139 2003 151
1754 1401 1757 1537
300 581 230 736
1898 1555 1868 1430
1505 555 1626 452
1865 1936 1972 1860
261 363 268 444
349 865 424 768
1959 1571 1907 1717
1659 190 1687 313
708 1653 597 1701
51 332 53 416
601 509 698 458
308 781 266 676
628 1206 735 1221
527 1467 553 1617
454 223 526 116
544 1969 543 2046
1265 1309 1305 1410
652 1866 613 1751
376 27 383 187
1105 92 1200 75
1997 1772 1870 1909
1075 584 1172 553
103 984 195 896
285 526 249 547
103 638 207 569
872 905 820 1004
796 1569 819 1452
726 242 565 347
519 1269 599 1352
777 1514 754 1385
1390 1408 1478 1534
1370 1234 1293 1120
1118 19 1224 104
1852 485 1822 378
224 346 77 209
194 705 139 742
1488 1602 1330 1527
1516 1092 1593 1112
1121 1095 1091 992
506 470 513 448
2034 1911 1893 1837
94 295 135 137
615 1064 711 1148
165 1042 1 1195
489 844 411 686
362 1068 436 941
1442 3 1374 32
1993 1772 2034 1787
508 1195 637 1220
1747 450 1633 590
744 1961 760 1994
1903 1983 1795 2018
199 691 282 651
1793 689 1729 703
56 650 34 773
1312 221 1338 370
1351 1512 1350 1637
1606 662 1489 606
1018 802 1110 775
1991 1074 1844 947
102 1054 205 1024
616 1637 570 1670
278 1933 188 1984
1751 1306 1887 1317
765 952 920 905
1396 287 1270 306
54 690 10 590
71 552 157 497
663 887 638 1024
276 1644 266 1698
1699 345 1822 218
2032 1861 1872 1933
628 331 703 409
1219 748 1111 876
1319 1945 1198 1945
1503 15 1644 33
804 1010 725 1140
1174 947 1084 894
728 562 776 644
1726 1769 1764 1883
748 214 719 240
1130 1074 1231 1013
1764 649 1698 619
1706 1787 1855 1730
1463 1601 1398 1710
948 1317 846 1325
65 371 217 214
1514 1138 1383 984
39 516 203 406
1795 1274 1666 1195
701 1301 728 1398
1517 507 1546 565
1462 1163 1499 1095
1080 242 1220 161
961 641 1029 733
1264 1505 1349 1511
184 376 246 303
903 763 950 763
496 743 510 859
1273 337 1177 485
809 1125 777 1079
590 767 577 915
349 260 214 357
1467 920 1528 837
939 1913 795 1885
1639 1055 1574 1098
1900 933 1805 800
1514 1968 1626 1920
1720 418 1794 299
217 1243 320 1135
79 109 126 33
359 1950 464 1918
1741 608 1730 592
1815 868 1698 717
1160 1188 1214 1031
167 253 310 416
876 846 803 890
1467 206 1348 174
1141 1811 1146 1908
1467 307 1361 361
1650 656 1641 571
193 1494 304 1370
135 432 99 416
597 1912 450 1844
1897 813 1842 886
1676 1174 1589 1171
2028 545 1911 557
1186 1217 1279 1210
950 1631 803 1618
1308 1326 1381 1179
1657 818 1601 775
1749 1812 1869 1829
1417 529 1297 491
566 769 414 608
1078 155 1196 153
505 1519 436 1534
1551 423 1540 263
342 98 228 102
1979 737 2005 712
83 1331 201 1423
603 1914 693 1888
820 1379 913 1311
2012 1623 1918 1624
1606 71 1656 58
1474 314 1629 223
770 2047 934 1973
1698 1726 1542 1758
33 1446 152 1509
761 626 767 695
17 26 128 184
884 1907 855 1818
117 185 200 335
1251 957 1347 862
339 851 204 695
94 1594 219 1572
447 1974 468 1823
1133 425 1087 516
1788 1849 1853 1734
632 882 516 777
1292 354 1147 191
681 1499 666 1662
419 1880 281 1891
798 170 793 261
20 1299 117 1444
497 1914 528 1802
87 869 37 797
893 1479 953 1332
1334 1103 1242 1052
354 242 250 350
893 516 773 671
1833 108 1844 271
1518 1027 1391 893
1070 861 941 872
186 660 205 617
629 150 491 152
1216 1476 1119 1565
189 588 237 464
1940 1919 2035 1870
532 1608 404 1527
993 992 1157 1093
1963 1881 2017 1770
507 883 441 985
954 644 1114 614
75 218 178 101
759 1836 761 1875
315 1670 334 1569
106 1763 242 1650
347 1375 376 1480
2039 351 2043 189
1473 105 1458 41
281 695 339 688
1090 165 1116 155
1179 1823 1019 1885
1694 1791 1597 1792
128 169 36 157
1711 1051 1735 984
373 526 259 528
1944 1296 1834 1232
1959 155 1825 253
1303 1691 1245 1621
1059 2008 1166 1947
72 1402 173 1467
841 1920 711 1935
80 1302 50 1325
426 846 584 701
513 1543 357 1479
1539 829 1518 786
1226 1782 1139 1782
1841 914 1863 787
741 875 829 850
1225 179 1284 282
1570 1732 1664 1600
244 466 343 383
1930 1102 1918 1130
128 740 260 671
1164 37 1188 26
1023 427 936 348
1802 1045 1713 1126
671 1119 801 1102
1023 721 940 782
1903 971 1762 1135
312 441 395 505
904 821 958 746
661 1096 823 1101
638 1144 501 1062
747 1860 700 1735
1852 796 1909 890
1367 1937 1457 1933
553 1480 539 1566
123 545 256 582
644 199 754 303
48 1781 44 1908
197 1375 80 1479
1959 650 1916 738
2008 989 2002 841
1621 8 1659 160
1517 1965 1533 1947
1954 1975 1804 1813
1393 1845 1445 1987
1802 738 1949 604
1420 1111 1485 956
386 1876 343 1891
1639 1483 1485 1526
1693 1413 1829 1424
178 1994 282 1971
212 1263 67 1313
1795 1038 1702 944
1467 1447 1562 1354
532 1580 386 1684
2027 397 1944 478
1593 507 1469 652
1129 1098 1006 1121
1337 963 1424 865
476 1057 377 1156
1839 395 1959 504
226 1237 213 1136
149 1827 52 1761
140 1420 295 1486
749 1148 830 1033
1919 1709 2016 1821
1298 1927 1327 1878
1275 91 1423 31
840 260 828 293
402 597 488 475
2018 1184 1986 1022
1830 1053 1906 1069
26 1011 153 957
565 897 645 776
1829 964 1860 1062
538 1793 662 1933
934 1462 779 1621
48 33 184 118
1821 437 1903 555
443 1543 298 1381
1468 1559 1484 1610
1122 594 1069 730
901 1937 811 1938
182 141 98 178
1158 1251 1246 1168
1544 1542 1466 1648
1974 930 1833 863
317 568 244 409
2038 88 2037 252
1069 453 950 472
531 407 661 329
1564 1176 1428 1031
718 1236 667 1369
313 626 223 778
410 186 526 112
1490 485 1603 552
2040 323 2021 224
841 1666 836 1530
1646 204 1493 157
524 1218 394 1268
328 1939 292 1793
1502 1343 1474 1457
1013 1766 1052 1686
806 1533 774 1685
1952 753 1799 610
1019 758 987 865
1924 1320 1939 1346
758 1126 643 1288
1995 1713 2022 1729
1980 1500 2012 1553
1611 2003 1674 1975
905 362 1040 400
1824 824 1908 898
1298 566 1414 498
577 679 640 539
1540 969 1529 1129
403 163 413 280
59 492 97 399
868 336 954 420
757 1307 910 1242
1481 696 1474 651
729 929 679 975
1371 1142 1276 1152
327 1048 283 1093
1628 915 1682 963
30 618 83 531
90 148 206 201
162 91 161 192
121 1053 4 921
1886 817 1937 779
2011 1642 1857 1643
1458 103 1531 257
1749 160 1841 277
1651 149 1783 311
1166 1773 1107 1821
405 1535 439 1461
1388 3 1326 48
107 222 143 112
1655 535 1610 457
179 605 312 576
391 1236 441 1080
1552 1194 1624 1154
1730 486 1884 472
1184 264 1241 251
1432 272 1475 186
29 1174 168 1156
1299 999 1420 963
1328 615 1430 734
627 833 550 723
1804 631 1825 655
1285 40 1157 88
2020 840 1979 818
1568 821 1591 721
452 983 337 938
827 430 959 269
1003 232 1043 114
175 1823 274 1841
886 1410 869 1425
17 1683 99 1539
497 1333 626 1322
614 2017 728 2018
901 1158 1029 1214
1674 942 1570 919
957 858 866 987
1982 1053 1986 1033
929 1358 1026 1225
523 1918 666 2018
17 430 138 412
544 558 391 657
1623 1823 1650 1697
977 1941 896 1899
1200 93 1084 103
422 885 478 735
917 535 819 604
713 1724 607 1725
759 39 856 184
1037 358 879 265
1697 769 1688 796
435 1840 497 1750
1796 14 1704 67
972 1326 947 1313
868 1906 728 2018
1105 1138 1021 1104
258 1539 382 1511
1705 915 1749 846
108 279 82 400
450 471 294 515
974 1286 1048 1429
688 444 685 327
1562 72 1499 8
589 360 717 223
961 797 1110 917
1267 796 1381 671
1568 1055 1454 1217
1310 1114 1360 1048
1243 545 1259 601
2026 872 1960 755
731 1379 803 1425
710 329 869 237
1884 2035 1814 1873
784 675 940 709
1967 123 2025 67
1913 1645 1986 1655
773 413 644 301
605 358 521 513
1320 802 1396 807
205 402 308 531
461 57 455 64
66 1176 74 1328
1623 67 1501 83
612 343 524 407
1204 293 1285 210
1576 1662 1728 1812
1354 128 1345 25
665 532 640 535
1152 1179 1215 1313
1073 1602 1158 1582
723 751 659 831
1705 1066 1775 1029
1066 918 1188 884
652 920 654 1079
918 2041 1043 2027
995 543 1159 509
599 1924 623 1989
342 1711 226 1796
442 2018 453 1987
953 826 909 858
44 1953 196 1951
173 1168 109 1273
1037 487 1143 608
645 611 786 582
1291 32 1317 26
1485 1715 1631 1683
1792 1072 1836 1161
1195 1564 1034 1447
233 331 126 419
140 774 19 833
1101 575 1145 670
939 684 892 591
1798 726 1831 623
1676 968 1750 1001
1170 629 1100 488
1733 1707 1897 1786
2019 498 2015 538
617 156 561 135
37 240 46 244
1241 841 1364 896
821 826 949 946
1179 845 1220 705
929 1637 1082 1593
1572 244 1705 249
2021 1563 2026 1702
2013 617 1948 645
1462 69 1465 132
1013 401 1012 252
926 1541 953 1410
1838 2007 1757 1856
966 1421 804 1333
824 1482 717 1500
674 1568 676 1552
358 1543 286 1637
1999 974 1922 840
550 255 505 107
311 1831 223 1942
167 335 300 414
149 133 274 185
817 20 928 120
1015 453 1027 570
1593 956 1565 962
555 252 593 104
996 1528 854 1429
1156 1287 997 1186
1392 358 1296 376
1233 519 1255 683
1843 950 1855 1108
990 733 1131 608
247 1342 106 1384
1455 249 1602 118
364 300 463 344
926 1549 805 1498
683 921 825 757
1846 28 1807 54
1375 1177 1331 1223
1555 59 1521 44
1351 6 1463 118
1629 440 1774 422
977 462 1136 307
706 1703 823 1606
1092 798 949 673
178 1864 15 1802
2013 1155 1866 1002
2032 1063 2020 1189
1368 325 1363 286
544 1244 520 1105
566 1438 680 1441
1322 31 1460 13
1253 1204 1192 1139
868 1973 805 1901
995 293 990 146
172 45 181 192
1406 466 1512 511
250 2 202 68
1665 82 1732 141
897 135 977 1
1444 1431 1389 1463
644 1761 751 1795
177 1403 309 1300
575 212 712 366
1029 1007 960 973
525 1923 454 1942
718 1731 641 1608
1134 1475 1222 1396
1747 378 1591 379
1390 1361 1391 1286
1545 1692 1633 1757
113 1565 100 1582
1220 276 1250 139
1060 112 1060 77
1073 321 1137 442
205 429 211 562
1370 415 1392 383
1551 1603 1561 1453
652 1724 774 1753
1139 1 1259 54
38 341 175 472
1621 1845 1646 1826
1271 1514 1211 1386
844 540 1007 416
457 1089 497 1154
1128 94 1205 93
1044 1894 1150 2038
52 824 109 825
963 1050 959 975
1408 1258 1446 1410
2047 1139 1930 1245
515 1740 480 1889
1498 1659 1582 1657
612 1073 517 1060
655 1733 803 1745
1850 1563 1829 1468
939 1446 1075 1451
306 906 285 763
1581 1045 1612 1160
1112 1131 1274 1038
1066 892 1026 910
1989 697 1827 608
390 922 427 1001
303 1942 452 1945
1370 1775 1371 1857
1686 355 1544 354
1532 510 1649 567
1979 1541 1857 1434
1207 929 1178 983
2023 813 2000 896
1085 649 1033 515
693 1523 752 1394
1628 1164 1499 1295
184 94 46 251
738 351 825 512
1110 301 1011 252
252 286 388 184
329 57 301 74
1799 880 1903 742
33 1981 117 1910
1621 153 1546 199
142 1391 181 1248
1871 1624 1974 1588
1749 1914 1636 1866
542 1327 387 1327
401 417 311 572
329 1439 357 1309
795 787 803 889
205 598 144 499
1365 616 1368 649
10 1961 17 1898
1006 1237 1117 1271
1131 408 1117 525
67 0 125 39
956 1117 966 1271
1287 312 1172 445
1430 451 1331 518
1721 1859 1820 2019
483 1414 367 1471
1572 1620 1653 1698
1711 656 1785 598
5 1905 59 1968
904 509 910 412
1020 677 1016 607
440 71 444 206
384 986 455 1098
606 1665 567 1568
576 1132 547 1048
487 119 581 272
618 401 704 301
11 116 60 91
653 1322 799 1224
1302 1259 1276 1230
668 1336 648 1287
763 337 812 433
60 1653 144 1615
138 1876 243 1908
1351 1905 1241 1773
811 993 794 1110
171 721 215 573
1494 350 1619 348
1486 1926 1482 1991
1855 397 1864 299
347 1866 197 1943
41 290 5 153
80 1576 112 1559
1255 184 1098 105
36 1439 46 1420
1751 1630 1892 1506
1321 29 1454 53
1567 1846 1456 1918
1913 1375 1910 1291
1971 1531 1874 1377
10 1218 33 1178
1189 1276 1307 1221
675 1808 552 1657
138 324 269 400
1763 1231 1815 1218
1580 1452 1539 1388
1116 68 1083 81
882 570 962 476
1034 386 1182 498
1044 171 1075 168
1292 156 1171 93
1605 134 1493 216
1255 1644 1290 1688
1696 721 1775 594
404 1032 258 1182
1122 1099 1044 1204
1553 1382 1656 1298
1405 527 1309 445
1907 1912 2047 1889
983 1083 1006 1013
1243 1941 1307 1870
1436 692 1287 549
31 648 69 550
1274 1140 1377 1070
241 87 250 210
426 1386 503 1245
405 16 462 66
2017 159 1884 275
1114 586 1135 673
1894 2039 1744 1906
422 1416 358 1482
1950 1729 1927 1877
1630 1106 1589 1057
1665 481 1816 641
153 475 277 498
1489 151 1627 313
1933 1731 2046 1701
169 658 264 498
1880 1105 1781 1052
1192 1353 1316 1207
1653 1880 1722 1791
1314 594 1296 682
1561 934 1617 928
1296 2009 1286 1957
1983 279 2042 139
1010 1979 915 1859
833 800 871 797
65 893 78 917
1724 1830 1713 1851
1989 1075 1828 1070
1364 1205 1308 1323
1059 723 1141 590
232 347 282 449
1089 1825 994 1951
511 1544 659 1637
577 1655 729 1580
991 742 1113 874
734 794 881 735
1740 1767 1632 1841
1333 141 1317 150
961 217 927 312
711 1132 862 1258
740 354 750 431
1830 1310 1764 1170
314 2025 349 1984
1293 1892 1457 1737
1050 583 1043 601
57 943 65 879
953 169 938 196
513 433 494 374
1393 1884 1254 1912
226 506 373 549
1885 1049 1934 1086
790 358 707 199
1710 1 1834 63
1211 1194 1107 1351
1651 1543 1691 1585
1529 898 1368 982
1669 822 1788 962
1516 784 1521 796
1924 599 1918 570
1236 56 1333 1
440 1420 287 1304
1948 1397 1805 1537
1574 1275 1729 1401
910 557 945 510
1424 1187 1582 1260
743 279 856 235
1223 1894 1159 1840
408 1456 420 1570
1560 1601 1522 1465
221 1701 184 1580
721 97 811 84
375 1124 286 1045
1853 1457 1732 1594
816 1799 788 1821
1399 738 1537 793
553 1304 444 1420
993 629 986 688
1767 134 1882 162
2 593 85 457
1554 615 1432 627
2045 927 1922 772
1260 158 1249 107
1615 53 1478 92
97 1868 189 2028
1288 1661 1140 1821
21 319 56 393
270 1956 398 1984
649 619 588 576
1234 673 1153 602
318 534 313 629
1190 22 1258 86
604 70 768 30
812 1090 780 981
1207 1260 1370 1418
192 1918 322 2007
474 985 311 893
1923 1435 1874 1464
1241 1660 1196 1823
835 1267 963 1417
945 1558 1098 1553
1402 294 1487 349
472 1300 416 1359
115 472 213 520
1032 865 890 748
1530 1697 1572 1561
1061 158 1144 141
442 1366 462 1332
648 506 588 548
1429 160 1475 81
1848 694 1881 711
824 589 886 675
1978 1431 1958 1350
935 1299 1023 1357
1103 675 1020 826
1163 1214 1189 1128
427 657 583 780
1421 851 1394 973
729 1647 654 1620
1101 1219 1203 1139
1682 837 1539 909
504 1037 655 956
246 1620 259 1690
1748 1414 1740 1562
507 1888 468 1847
441 740 592 683
923 233 1062 164
1625 83 1520 44
630 1089 689 1036
577 144 486 54
634 585 581 471
155 1817 94 1806
1044 1560 954 1529
345 574 210 428
176 497 143 592
198 347 290 302
1915 600 1969 753
64 2028 186 1919
1789 1489 1810 1558
527 1172 367 1241
398 729 284 607
182 87 132 244
1774 398 1929 545
969 1013 1026 991
1223 994 1379 998
1137 109 1012 249
874 642 819 710
1839 372 1838 478
1265 514 1347 624
1388 1107 1395 970
1456 342 1561 445
1583 638 1555 516
1486 438 1475 466
1438 409 1328 335
1587 103 1619 88
1206 692 1055 607
1834 859 1688 712
1079 1674 1176 1533
1467 362 1583 214
1926 1021 2043 1105
228 151 328 4
124 466 200 488
1908 1053 2008 1028
1002 690 1084 840
25 686 183 660
85 1196 61 1210
103 1847 146 1832
1677 869 1723 779
771 699 740 603
2029 171 1965 110
299 1747 212 1778
516 1220 601 1377
1159 148 1258 186
227 1193 227 1280
1369 733 1439 623
679 1576 751 1532
1510 631 1608 783
1534 574 1687 443
569 1978 474 1905
1628 1485 1691 1349
1983 525 1984 415
220 373 71 300
1060 1293 1117 1375
606 608 454 601
384 276 434 241
199 2015 112 2018
565 1494 537 1519
856 2036 942 2028
478 635 580 480
23 626 122 708
2007 1471 2044 1497
1167 1958 1291 1840
186 1144 143 1218
1420 1567 1509 1683
62 1063 220 1085
1802 1916 1688 1910
1964 660 1913 627
823 1035 916 1086
506 453 572 305
332 25 231 123
466 1932 343 1835
1586 1850 1563 1935
1698 500 1761 573
789 1784 885 1939
1102 682 1045 826
1737 275 1669 147
847 731 745 655
1229 521 1096 425
560 322 476 180
1487 243 1360 274
361 214 418 74
32 137 172 15
1618 354 1680 349
261 480 136 616
461 1158 315 1045
1023 894 1039 933
495 904 382 901
388 1996 447 1974
608 640 725 517
5 694 72 564
917 1753 808 1835
330 1600 298 1715
15 52 101 179
550 1813 497 1817
854 1295 1018 1186
1432 1481 1394 1331
1361 1116 1285 998
1063 1774 1135 1626
314 1925 477 1843
801 1280 807 1142
297 260 135 325
460 1982 322 1873
39 1173 78 1072
127 263 234 241
1602 49 1487 153
255 339 184 244
598 1078 565 1224
1208 890 1361 896
1680 1224 1643 1151
1039 467 975 469
1713 863 1674 715
1487 1008 1581 1064
312 381 450 262
840 1248 877 1219
1582 1742 1715 1578
1860 1343 1875 1480
1619 971 1548 1028
1147 1499 1116 1344
1643 1912 1690 1922
1930 1173 1829 1026
1644 1006 1503 1011
1267 1988 1277 1960
1888 1340 1856 1458
1833 214 1777 238
1963 1284 1926 1145
1984 1740 2022 1879
1295 1763 1395 1918
500 1244 580 1288
675 274 614 374
1073 1199 1215 1082
1140 1433 1175 1447
890 969 1020 872
966 50 982 105
1027 1777 1026 1754
1107 1489 1087 1407
613 1155 622 1039
386 1558 538 1675
1018 1356 1119 1223
1727 1945 1874 1865
1035 1066 923 1036
1537 1255 1595 1333
869 803 974 730
390 143 491 259
809 529 682 622
948 706 844 797
222 1526 204 1520
1206 1635 1161 1731
1107 914 1192 791
281 878 182 918
161 1527 191 1469
499 581 534 560
1045 603 1200 631
628 1904 517 1940
1064 1108 1135 1183
57 1467 189 1468
1752 1983 1613 2012
413 1678 300 1785
98 1610 45 1700
1832 1986 1874 1942
814 1438 809 1315
192 107 252 143
271 720 404 820
492 1275 562 1436
784 1110 736 1156
1230 970 1382 982
1329 1467 1327 1361
525 948 682 1004
1845 151 1769 106
1411 163 1438 276
1246 1719 1227 1829
80 1709 215 1786
1987 892 1996 897
1425 1210 1548 1170
194 1959 71 1920
1455 1245 1403 1129
1894 1094 2002 1213
604 1885 536 1833
237 775 219 643
559 1356 533 1447
348 1271 410 1221
651 1115 651 1189
1452 1341 1347 1279
1492 880 1589 771
627 1866 725 1710
35 698 138 842
1061 436 1044 300
578 1131 513 1290
314 1006 201 1061
1397 1150 1237 1092
901 898 901 1030
776 810 704 811
805 1004 946 977
1484 698 1558 677
1851 1466 1861 1353
603 1007 681 871
1225 216 1280 160
1769 2041 1843 2002
1060 1466 906 1564
272 1221 314 1145
360 293 330 218
1026 1215 946 1277
1817 1259 1791 1194
1100 537 1049 628
1098 155 1159 160
1200 1384 1312 1454
813 1861 673 1914
1003 1241 918 1127
424 1696 294 1711
333 491 489 655
1761 318 1631 369
1776 142 1719 165
1933 1165 1989 1314
280 471 279 385
445 1045 490 1079
234 1591 197 1515
984 979 982 1136
380 1675 331 1659
1854 871 2004 852
1503 1149 1458 1044
1124 1253 986 1374
328 529 333 461
628 561 578 654
1382 597 1266 501
1427 265 1509 429
1708 800 1626 817
583 1033 576 1097
1325 225 1230 166
642 1779 551 1875
1807 900 1964 746
1986 1602 1894 1574
1096 77 1185 109
92 957 39 978
1793 1454 1837 1614
154 1297 157 1358
1043 526 1047 555
390 1129 319 1015
420 1325 311 1304
1782 571 1893 668
804 1219 722 1373
667 550 765 665
1348 510 1194 528
1591 1593 1592 1583
258 684 221 580
1508 1240 1579 1274
1029 1088 973 988
857 903 871 1000
1276 1088 1267 1207
1579 504 1634 472
1160 1925 1211 1773
1815 851 1747 962
1464 1643 1399 1665
564 1065 491 994
423 1061 331 926
803 635 866 561
149 1963 130 2010
1859 1087 1891 1141
80 817 54 696
1636 360 1800 240
1523 1235 1667 1195
421 682 304 695
101 836 56 999
89 1782 27 1707
847 930 784 849
1564 153 1542 227
1511 476 1512 356
1764 1857 1813 1876
775 1361 879 1316
340 1222 252 1221
1685 421 1724 268
1321 69 1412 48
296 1804 434 1882
1638 532 1774 544
793 1477 950 1317
468 659 374 648
841 1739 899 1761
1213 1895 1076 2002
22 15 163 36
1562 1411 1543 1397
1206 97 1366 219
1183 1125 1118 1017
954 35 955 197
949 1417 856 1370
1492 1961 1643 1956
1481 60 1597 194
72 1843 85 1828
66 220 194 199
1442 240 1561 76
364 930 381 786
741 1924 902 1798
1938 519 1961 572
566 586 637 448
1675 677 1667 602
1824 302 1936 252
816 977 772 858
76 1440 21 1487
938 98 933 251
2012 842 1976 732
503 90 501 103
1325 1120 1375 988
1629 2012 1711 1897
542 897 660 1009
1380 1354 1413 1345
969 1370 1050 1241
1460 766 1573 763
432 407 345 289
443 1264 557 1339
587 1255 695 1386
1795 2032 1782 2019
244 223 227 164
332 997 461 887
873 1099 733 952
619 1957 471 1969
777 249 845 263
622 1930 766 1947
756 215 726 148
933 582 1048 445
642 599 515 592
1743 139 1748 85
392 858 442 737
1343 1038 1362 936
695 2032 808 2002
911 385 921 279
1938 221 1859 189
63 1106 157 1058
1390 923 1350 1058
105 1976 61 1895
1883 1480 2035 1598
1454 520 1344 403
1312 370 1321 247
1757 169 1849 89
1690 818 1761 862
1389 1599 1544 1496
1928 2007 1829 2031
1570 1743 1429 1725
810 544 802 474
1232 1414 1095 1379
72 624 234 751
1107 686 1084 624
221 1239 328 1251
740 1817 821 1787
1916 1673 1783 1684
392 1520 491 1535
1322 28 1397 153
1531 1077 1640 985
497 555 342 434
367 1808 288 1925
244 1481 228 1466
1231 1501 1086 1533
1442 759 1462 714
1056 1713 1098 1861
870 180 763 188
298 1004 207 1050
919 1431 999 1315
481 2032 489 1950
323 1030 183 1175
1798 210 1934 98
912 960 842 850
615 205 585 210
1353 1233 1328 1199
1605 207 1453 43
469 1415 428 1539
398 410 357 415
778 549 715 653
230 1863 86 1773
188 1223 176 1133
498 261 346 158
1432 752 1427 753
1517 1296 1634 1405
65 1670 67 1832
1551 904 1387 828
1427 1636 1409 1772
1702 279 1810 297
1701 1440 1683 1365
183 1310 98 1423
1155 1566 1209 1538
2014 1399 2000 1488
62 1362 90 1484
647 1755 580 1681
970 1679 1016 1550
876 1820 738 1967
876 1768 924 1914
1962 861 1967 788
809 628 787 610
1840 1957 1788 1966
1605 184 1685 181
1769 1609 1850 1494
1272 1427 1157 1395
219 521 119 565
1111 1400 1098 1372
1270 1335 1368 1282
732 1593 765 1661
343 1432 188 1555
130 1244 133 1258
2021 1228 1929 1333
280 980 254 962
215 668 321 547
1869 1890 1893 1865
1599 431 1677 268
427 1613 352 1515
1317 512 1264 673
316 888 456 1012
112 1888 153 1965
568 724 678 578
821 1264 742 1215
165 1157 34 1074
1151 1530 1088 1630
1549 1810 1683 1670
652 1425 728 1311
2014 943 1872 805
1536 1999 1468 1961
1951 521 1806 537
222 1702 360 1684
1342 1150 1181 1271
1099 1473 995 1407
1280 1543 1370 1425
1953 331 1921 360
709 731 692 686
1364 305 1391 282
2017 984 2013 881
1690 1988 1680 1826
1208 72 1276 29
200 301 150 441
1892 408 2020 457
1160 1439 1297 1426
546 268 508 121
253 1244 377 1330
998 677 952 714
309 1514 259 1550
567 768 695 780
627 1294 594 1242
816 1012 900 1091
1960 1630 2015 1786
460 354 373 338
155 540 187 446
1565 1186 1632 1144
48 364 47 505
1470 1300 1424 1450
1406 832 1484 979
1224 1411 1201 1345
1007 1146 1140 1142
1969 251 1938 350
847 274 831 221
858 515 825 676
661 79 664 25
362 839 223 783
1781 1820 1727 1909
1966 587 1992 682
324 1510 382 1487
152 1452 119 1304
11 221 115 318
380 1341 230 1271
163 1124 87 1204
210 1592 319 1655
1671 1352 1622 1429
2002 1703 1855 1553
744 1840 750 1850
1870 1229 1986 1340
790 291 658 220
259 1793 202 1675
1173 629 1115 475
1272 2006 1184 1876
1181 1905 1321 1979
701 1086 754 1150
211 389 187 237
1730 1696 1674 1826
871 250 895 159
475 1157 325 1202
1372 1359 1311 1284
1071 1559 1075 1533
558 1989 400 1855
1918 2001 1813 2005
64 814 129 742
1096 1348 986 1256
924 991 898 914
790 1471 751 1424
517 1696 397 1535
1491 1699 1623 1557
507 1109 422 1266
864 1428 882 1370
852 713 908 749
1582 1221 1512 1267
904 1179 812 1138
1416 872 1342 893
549 1410 404 1316
1860 424 2009 449
187 450 351 505
1391 1669 1456 1544
123 591 188 725
1592 1965 1577 1883
1815 296 1873 334
1571 1949 1646 1964
913 772 944 657
1190 1372 1316 1531
780 1765 841 1845
206 61 60 80
1704 745 1832 844
602 1968 535 1867
463 1352 311 1236
1801 1531 1870 1402
253 8 308 169
216 1828 148 1901
1353 1629 1289 1773
1918 1242 1787 1219
336 1136 295 1101
932 1014 827 1131
1990 1887 2044 1917
37 613 90 532
62 1176 58 1332
542 1268 621 1261
886 216 722 145
1878 342 1901 300
506 165 379 20
1135 1581 1017 1723
269 875 222 1023
1657 770 1554 801
1068 1808 1197 1916
811 1225 786 1229
1371 2007 1252 1983
734 1605 883 1667
1303 1098 1317 1076
447 1415 585 1357
631 198 701 213
1157 681 1100 631
1865 1551 1723 1577
1812 536 1762 684
105 177 220 225
968 625 988 477
1982 329 1971 273
1012 1190 874 1187
1542 235 1555 324
1993 1054 1961 1104
1684 1408 1680 1338
950 445 1034 526
288 1143 255 1283
438 1739 404 1591
628 184 581 282
292 955 348 875
1547 1290 1413 1429
1520 1916 1446 1982
1034 1600 952 1757
1858 1468 1980 1332
766 663 623 538
1159 1651 1181 1617
517 1831 511 1792
1652 657 1601 630
579 297 712 209
580 1085 722 1120
524 106 580 127
1651 91 1597 149
843 1196 908 1166
852 967 726 1089
593 421 735 326
79 1972 233 2023
508 1788 489 1705
683 2020 810 1964
835 51 834 100
283 327 119 243
227 2025 292 1966
1113 171 1158 12
185 1110 344 1135
1740 715 1850 577
1126 895 1024 1012
248 2043 185 1911
382 581 492 495
1338 625 1457 702
1946 730 1809 843
379 579 279 584
941 1752 1002 1837
36 1208 84 1173
1122 386 1031 247
1080 652 955 693
300 1697 278 1798
326 508 187 363
1427 1053 1589 935
453 579 559 606
771 2000 813 1880
1201 308 1154 208
1187 1816 1241 1869
296 1293 417 1411
1634 885 1508 903
584 1700 591 1558
647 160 642 163
527 2046 401 1947
1653 259 1645 107
1228 106 1351 86
888 579 893 586
769 1097 875 1187
433 1304 403 1312
1579 64 1667 219
1377 508 1423 418
98 325 208 275
266 857 359 996
362 1198 516 1304
520 263 494 213
205 1639 48 1667
1623 1077 1740 938
4 1834 32 1686
1271 2042 1157 2037
780 1031 880 946
886 232 923 142
1628 1380 1502 1488
767 139 617 185
1635 510 1688 637
740 1327 904 1314
2041 115 2019 50
762 385 764 426
1185 792 1121 758
1299 1143 1412 1267
1726 1436 1759 1536
808 1374 695 1250
586 80 542 96
901 1728 810 1585
1050 1486 1093 1625
486 19 443 46
1042 1735 976 1592
921 461 964 404
1940 768 2027 921
1390 992 1351 931
1708 1623 1849 1741
1041 1931 970 2031
111 1437 260 1427
1712 89 1586 224
1723 861 1833 721
1091 1598 1233 1441
1018 153 861 112
1403 38 1436 1
1097 1696 949 1744
1884 913 1893 924
986 1205 1071 1255
1289 1441 1386 1333
1274 114 1148 72
683 1382 530 1499
168 1818 251 1829
1534 1586 1537 1748
956 230 1025 153
485 65 367 47
481 1261 388 1307
644 815 624 724
325 1237 333 1154
902 451 773 515
992 1224 905 1288
781 467 896 499
330 1487 403 1451
529 1955 561 1831
829 824 688 841
1931 1868 2044 1837
257 139 294 32
1952 1705 1862 1833
612 1778 621 1942
843 1885 872 1984
767 580 755 488
981 41 1061 196
840 819 854 889
734 1572 590 1415
14 27 89 180
1391 951 1437 869
741 1536 782 1659
992 871 900 839
1406 502 1266 624
760 141 844 225
1146 1200 1067 1209
610 111 720 96
16 1030 88 870
1052 1008 1146 1153
1364 930 1475 907
648 1910 759 1985
976 719 1126 611
1838 1110 1875 951
999 1667 887 1753
44 1951 5 1846
596 1309 547 1450
1755 1147 1648 1052
1074 1651 1028 1677
1803 1066 1850 1210
183 1747 191 1747
1125 109 1083 82
109 1402 99 1369
1144 1711 1171 1824
1594 687 1478 758
1872 621 1879 669
1695 540 1657 435
1275 1367 1279 1395
1166 811 1206 879
228 1880 155 1719
1130 1075 1156 1127
442 1982 556 1973
1804 1229 1939 1203
1030 1555 1017 1697
1355 840 1199 737
275 631 164 679
367 1780 343 1726
867 1311 794 1182
264 943 195 886
377 1763 454 1729
863 1013 872 994
588 1729 435 1682
761 640 794 674
1219 1020 1215 984
549 847 537 943
1306 240 1430 254
1002 823 1113 888
106 685 140 729
882 481 866 376
1173 921 1134 1064
299 943 184 998
730 103 875 223
792 56 756 111
704 1794 848 1648
635 2027 757 1888
184 2030 269 1932
1175 103 1182 240
2041 585 2021 643
45 1076 47 922
208 1820 187 1880
1400 154 1407 192
863 294 906 136
1031 1220 1089 1093
10 87 122 50
870 907 733 1027
220 1937 324 1897
122 1716 115 1693
826 1303 933 1432
1386 1912 1457 1969
2043 1307 1973 1304
721 896 713 906
558 602 469 599
1662 617 1646 523
1462 2011 1298 1942
1126 1999 1120 1884
2 195 1 51
1695 596 1553 565
1993 1880 1921 1742
208 844 247 807
882 1363 951 1349
652 512 775 364
441 550 391 475
1710 240 1821 294
356 267 255 392
116 271 40 217
714 47 828 125
1217 1073 1333 1140
1099 1535 935 1640
1172 1064 1139 1214
1605 1166 1662 1175
786 1256 763 1096
1955 62 1860 180
23 277 31 146
745 1776 882 1785
564 721 444 855
521 991 448 838
4 1621 158 1648
753 1129 671 1162
1723 1930 1701 1983
853 2041 926 1886
593 972 576 1013
450 1048 294 949
1047 1588 1173 1639
1239 341 1196 303
658 448 704 559
347 523 404 413
336 1091 178 958
1833 1221 1965 1162
155 1113 190 1129
1663 29 1657 192
683 1170 710 1246
2001 287 1895 223
1563 46 1572 59
917 1299 970 1356
61 14 40 152
289 526 158 434
2 1069 67 1152
1949 712 1990 774
1181 878 1301 827
1702 443 1689 558
1581 697 1602 644
1664 665 1538 531
967 1717 1051 1747
232 1664 71 1615
1084 1551 1041 1410
1249 621 1182 467
1636 1683 1758 1681
1870 1138 1869 1200
121 929 65 1085
164 61 170 110
1597 1173 1612 1097
1026 2039 1025 1937
1186 457 1161 379
135 1624 154 1752
96 1674 206 1815
898 269 969 121
1007 344 947 265
428 1356 267 1196
33 78 36 161
409 237 507 305
950 9 938 36
810 1803 861 1784
741 1789 852 1939
1744 393 1792 513
1766 1928 1817 1906
491 704 425 684
647 724 709 574
725 471 863 381
1518 1625 1514 1615
521 1628 384 1638
722 322 762 165
1633 1803 1596 1865
566 306 419 255
1691 1704 1846 1760
1007 19 1171 156
66 1509 197 1480
124 595 205 563
579 874 635 827
395 1431 237 1518
1753 1529 1917 1672
492 809 614 666
1587 1422 1650 1312
1703 481 1725 430
813 1489 784 1520
1390 448 1288 468
1317 255 1301 355
672 1218 817 1245
1944 1226 1867 1259
2036 1870 1948 1938
210 119 138 141
6 150 34 105
1041 238 957 218
796 468 916 619
293 1674 297 1823
427 2006 310 1930
1887 1766 1961 1637
278 1170 126 1242
1781 1773 1732 1690
507 715 373 630
1851 1268 1860 1366
1119 1672 996 1756
720 10 696 67
1034 1004 917 1027
224 1835 305 1693
164 899 48 756
847 2009 976 2028
526 856 491 814
1289 1243 1419 1209
499 1889 354 1936
1450 300 1428 358
1958 1677 1858 1669
1072 320 971 337
4 1197 79 1172
56 358 11 305
1004 392 1129 352
579 942 440 999
1164 145 1143 32
1617 177 1537 270
45 747 103 900
1245 79 1160 119
498 1053 403 1101
92 1651 134 1560
356 711 271 807
1655 322 1800 426
846 846 919 846
1432 124 1509 61
443 1932 480 1781
377 1903 307 1774
1005 1302 1024 1321
133 271 154 325
1797 839 1637 707
489 1831 533 1730
1092 1528 1064 1448
709 1303 552 1439
767 347 815 353
1589 454 1434 516
374 1586 414 1494
1591 1572 1601 1412
1851 1575 1917 1661
1889 659 1822 742
6 262 154 348
1839 879 1845 827
1279 1151 1339 1023
1348 856 1339 875
1397 1553 1345 1516
1597 708 1531 779
573 2023 601 1975
1742 991 1756 939
1358 815 1313 939
1690 1102 1570 1089
1808 1501 1707 1463
1497 847 1510 856
943 1864 993 2004
644 1709 699 1788
184 1268 288 1148
481 1396 446 1278
589 1885 538 1875
834 200 995 228
1571 894 1539 940
372 2046 302 1932
1010 1999 855 1908
792 791 809 712
45 1548 127 1676
2044 529 1910 526
471 1829 573 1928
28 1699 93 1608
1182 1852 1322 1970
1985 1339 2014 1280
123 849 95 690
1326 286 1198 226
1010 987 872 1048
765 1521 727 1434
276 963 324 874
83 2045 24 2038
795 262 680 379
1023 765 1044 771
982 611 1007 573
1700 1874 1583 1822
484 231 440 182
1278 821 1430 689
1485 158 1465 234
552 1628 614 1473
1821 97 1670 72
1353 1335 1358 1178
117 1486 246 1325
1248 994 1262 1055
366 1730 255 1820
1721 892 1798 938
540 2003 621 1958
610 617 465 517
1918 998 2014 1114
1630 1942 1680 2003
574 211 493 111
966 1095 902 1160
1066 1304 1134 1314
1732 1717 1818 1781
1239 1345 1129 1502
1978 948 1850 886
2013 1624 2025 1654
768 345 794 379
837 1743 747 1621
1591 1834 1539 1840
360 890 339 884
253 1284 359 1236
327 1200 322 1190
1367 1096 1511 1056
1032 1535 876 1618
694 1869 810 1865
1504 1571 1536 1579
1650 1257 1535 1231
1948 1566 1927 1417
150 584 89 730
1753 61 1712 44
348 634 358 581
953 770 809 851
15 750 126 897
1488 1287 1556 1264
1642 938 1497 978
1229 1637 1374 1782
1608 1447 1522 1497
788 1691 821 1778
1430 448 1429 426
200 1207 217 1142
975 448 981 608
528 1906 414 1971
1696 797 1537 916
1832 1017 1748 914
1539 720 1400 556
1370 1185 1404 1043
264 1227 156 1135
356 1630 252 1644
788 1031 900 1088
1109 1128 952 1072
711 1771 562 1874
1821 1009 1785 879
1927 1999 1970 1971
982 1946 1063 1965
405 1378 499 1485
1481 39 1594 64
678 971 642 844
1246 1112 1238 1141
1491 1466 1546 1495
57 1148 36 1254
1136 615 1278 569
1957 808 1803 818
1373 581 1352 660
1305 1341 1201 1223
322 197 209 258
613 1080 595 1117
749 731 848 606
1315 54 1474 65
1253 548 1385 477
1098 716 1107 842
1619 548 1545 695
1313 1175 1180 1055
1553 1342 1563 1404
1422 906 1560 762
1735 338 1582 466
857 1356 758 1227
257 1468 157 1401
829 344 854 257
351 505 367 510
1762 1531 1920 1464
611 550 682 409
811 1088 685 1145
146 1179 93 1323
746 196 804 123
464 736 514 722
1204 1767 1232 1917
1435 1916 1383 1877
1801 393 1960 282
915 1136 915 1069
349 797 470 880
1919 858 1979 696
2024 475 1987 581
250 1669 344 1552
1626 822 1520 881
1206 39 1341 95
76 392 90 266
136 1535 32 1380
644 91 780 186
1914 930 1791 864
91 2042 231 1980
1340 727 1271 635
1852 227 1894 217
894 1740 745 1686
501 425 574 264
712 1942 619 1780
44 652 87 519
749 1463 590 1374
1599 903 1714 788
1865 330 1949 179
52 1648 95 1514
1368 443 1481 445
725 506 765 511
508 818 364 920
988 1032 830 1127
524 325 443 405
1657 603 1610 631
1879 0 1789 136
1038 1046 1164 1038
981 869 942 843
705 1435 836 1391
1382 119 1255 176
173 1358 304 1520
1488 1108 1594 1094
56 659 182 682
308 653 240 690
1522 327 1412 252
484 1271 443 1385
1081 1049 1238 936
1736 1321 1892 1323
23 1190 96 1059
376 580 253 527
837 738 811 786
255 1888 160 1813
252 926 304 782
492 264 332 170
1239 84 1076 112
430 922 420 948
1090 1778 985 1777
953 823 1115 838
748 1835 846 1888
388 324 430 276
1399 163 1318 89
1151 1223 1063 1358
32 963 115 1051
384 1601 228 1639
826 199 813 265
133 1750 24 1870
740 153 789 152
1738 1165 1620 1161
123 70 218 78
191 1269 350 1216
10 1440 141 1513
1490 1491 1555 1439
672 309 725 415
1942 1404 1888 1566
47 937 164 984
