2048 2048
2048
824 671 788 671 788 730
349 637 349 662 214 662 214 777
1087 1149 1092 1149 1092 1001 1114 1001
2005 798 2005 777 1990 777
1253 240 1253 265 1302 265 1302 304
1737 1498 1737 1345 1754 1345
1404 1375 1404 1222 1339 1222
1163 939 1189 939 1189 1035 1238 1035 1238 1073
1075 1113 1079 1113 1079 993 1110 993
1801 369 1773 369 1773 468
263 993 263 832 182 832
1924 350 1924 383 1771 383 1771 436
106 852 109 852 109 847
1019 245 1019 248 1131 248 1131 295
1648 1316 1738 1316 1738 1311
1191 280 1188 280 1188 326
1094 514 1094 541 1035 541 1035 618
396 194 350 194 350 101
244 1761 263 1761 263 1925 350 1925
1625 1090 1607 1090 1607 1178
1766 833 1777 833 1777 841 1791 841 1791 965
1506 610 1521 610 1521 641
414 801 416 801 416 715 565 715
968 758 985 758 985 677 1015 677
304 486 161 486 161 368
987 897 984 897 984 949
1747 844 1809 844 1809 962 1864 962
1076 1019 1076 1021 1005 1021 1005 1063
228 1908 228 1831 194 1831
1264 1559 1362 1559 1362 1452
224 783 356 783 356 740
230 1085 230 1060 354 1060
665 120 685 120 685 91
1285 995 1223 995 1223 861
1562 218 1580 218 1580 259
1610 356 1610 289 1567 289
1427 289 1521 289 1521 329 1570 329 1570 414
782 1267 782 1249 912 1249
1231 737 1231 837 1107 837 1107 888
378 1918 533 1918 533 1913
262 294 262 446 199 446
279 1320 126 1320 126 1277
121 1013 81 1013 81 1007
1555 1586 1534 1586 1534 1652
742 453 724 453 724 443
1134 1512 1134 1646 1266 1646 1266 1666
1147 1129 1147 1219 1033 1219
984 1063 984 1051 1099 1051
1426 1723 1490 1723 1490 1883 1564 1883
111 866 249 866 249 873
454 1404 454 1275 360 1275
1890 1876 1806 1876 1806 1832
1073 1619 1040 1619 1040 1718
1695 939 1695 948 1735 948 1735 1042 1786 1042
200 1535 200 1542 210 1542 210 1577 288 1577
1765 1107 1765 1079 1878 1079
1359 128 1239 128 1239 88
0 1728 12 1728 12 1644 137 1644
1749 308 1749 205 1711 205
368 1585 368 1587 266 1587 266 1599
809 2004 691 2004 691 1995
615 1875 558 1875 558 1717
523 1706 370 1706 370 1564
321 183 321 211 158 211 158 223
816 1928 866 1928 866 1820 976 1820
369 1899 369 1919 382 1919 382 2016 486 2016
1285 2029 1177 2029 1177 1870
17 761 17 809 117 809
1841 1937 1857 1937 1857 1832 1936 1832
335 696 335 586 193 586
1579 1934 1443 1934 1443 2020
876 1427 925 1427 925 1386 929 1386
806 1243 771 1243 771 1285
556 758 556 766 471 766 471 771
1627 1630 1723 1630 1723 1549 1772 1549
1211 1952 1070 1952 1070 1861
1164 1401 1101 1401 1101 1253
706 1993 734 1993 734 2007
1797 829 1797 930 1798 930
799 1373 799 1309 925 1309
837 1518 837 1564 890 1564 890 1594 962 1594
1035 481 1035 491 1136 491
688 1609 530 1609 530 1502
990 1879 957 1879 957 1872
820 1743 888 1743 888 1671
566 256 566 228 474 228
1640 70 1798 70 1798 122
1643 1923 1647 1923 1647 1958
395 221 301 221 301 71
530 817 561 817 561 963 648 963
1241 411 1255 411 1255 379
1889 49 1878 49 1878 183
1872 24 1872 29 1891 29 1891 71 1978 71
1084 170 1084 189 1025 189 1025 214
30 379 52 379 52 469 123 469
1689 771 1639 771 1639 766
457 683 457 617 356 617
618 303 630 303 630 319 767 319 767 360
349 534 356 534 356 408
1231 1956 1306 1956 1306 1957
715 339 599 339 599 182
1439 290 1439 431 1371 431 1371 439
1219 584 1219 643 1112 643 1112 722
962 318 962 182 1120 182
1995 795 1995 799 2040 799 2040 897
1394 921 1241 921 1241 893
1856 1849 1746 1849 1746 1846
768 1558 768 1473 811 1473
1310 496 1288 496 1288 532
354 1670 354 1562 241 1562
274 149 110 149 110 120
2009 1251 2009 1300 1989 1300 1989 1392
830 748 830 756 938 756
1776 486 1785 486 1785 443 1922 443
582 159 584 159 584 107
1656 1396 1578 1396 1578 1414
1238 338 1157 338 1157 371
1900 776 1844 776 1844 925
1833 1693 1791 1693 1791 1799
1919 444 1797 444 1797 391
243 36 275 36 275 169 317 169
766 1450 818 1450 818 1566 861 1566
1016 2028 1124 2028 1124 2020
431 933 431 983 269 983 269 1000
592 1162 692 1162 692 1152
985 887 992 887 992 985 1033 985
2036 1823 2015 1823 2015 1903
610 158 607 158 607 208
1907 1499 1907 1438 1801 1438
1916 87 1918 87 1918 169 2018 169 2018 184
2024 363 2024 348 1890 348
665 377 665 384 593 384
750 286 750 317 720 317
214 232 214 389 179 389
1454 1433 1334 1433 1334 1507
611 53 574 53 574 188
1724 282 1724 351 1676 351 1676 367
1143 456 1146 456 1146 504 1186 504 1186 610
2036 355 2036 418 1890 418 1890 423
887 1611 887 1613 906 1613 906 1718 951 1718
1114 969 1188 969 1188 1004
1190 1604 1190 1655 1093 1655 1093 1727
1037 2029 1122 2029 1122 1989
224 1376 225 1376 225 1260 355 1260
895 1595 794 1595 794 1472
1374 1876 1256 1876 1256 1737
1903 365 2033 365 2033 331
1700 1794 1700 1917 1601 1917 1601 1933
953 371 953 517 818 517
691 1275 691 1267 568 1267
75 1419 75 1533 91 1533
741 1608 741 1736 767 1736
895 1482 936 1482 936 1491
126 1926 128 1926 128 1961
921 1187 1017 1187 1017 1178
1672 1615 1513 1615 1513 1625
1851 615 1851 630 1764 630 1764 686
591 233 462 233 462 256
246 796 253 796 253 773
175 357 82 357 82 443
1001 495 1080 495 1080 376 1082 376
1461 697 1461 633 1449 633
472 860 495 860 495 917 516 917
651 1120 651 1039 623 1039
194 510 213 510 213 536 357 536
1006 1618 1006 1742 973 1742
1787 1912 1714 1912 1714 1863
1314 1034 1321 1034 1321 1155
1729 1779 1747 1779 1747 1622 1862 1622
24 566 47 566 47 587
91 1516 138 1516 138 1513
1033 1145 974 1145 974 1026
931 659 794 659 794 552
229 93 229 116 130 116 130 148
1952 1155 1822 1155 1822 1076
16 224 131 224 131 179
1984 1775 1843 1775 1843 1859
1979 1089 1979 1094 1966 1094 1966 1215
333 175 453 175 453 66
251 893 251 914 153 914
1593 761 1593 859 1536 859
548 394 548 415 475 415 475 450
266 1638 206 1638 206 1611
112 1755 138 1755 138 1641 250 1641
1623 1762 1678 1762 1678 1842 1781 1842
2004 1082 2004 1107 1870 1107 1870 1122
1781 290 1772 290 1772 404
169 1100 199 1100 199 1162 210 1162
1234 1573 1241 1573 1241 1630
1708 1065 1708 1081 1608 1081
734 1159 734 1254 610 1254 610 1309
1747 1409 1747 1474 1791 1474 1791 1571 1817 1571
1261 513 1265 513 1265 673 1293 673
965 634 965 636 1038 636 1038 717
1872 1788 1980 1788 1980 1746
801 559 801 401 753 401
1975 1914 1969 1914 1969 2028
955 290 873 290 873 297
1321 271 1342 271 1342 320
1807 1106 1813 1106 1813 1156 1904 1156 1904 1183
1263 2036 1216 2036 1216 1914
1314 1499 1314 1604 1315 1604
1509 880 1509 766 1544 766
470 1532 470 1658 498 1658
1353 724 1353 790 1361 790
896 620 896 621 828 621 828 775
349 889 349 920 293 920
1640 757 1640 747 1491 747
223 1359 223 1297 143 1297
1002 89 924 89 924 92
1770 107 1796 107 1796 193 1904 193 1904 258
1835 1001 1835 1002 1951 1002 1951 1071
620 1590 617 1590 617 1477
385 28 355 28 355 60
89 541 89 472 207 472
289 1388 335 1388 335 1380
1441 684 1441 550 1477 550
1557 555 1557 701 1469 701
363 1450 249 1450 249 1319
396 715 396 578 323 578
1998 1627 2035 1627 2035 1567
1651 2005 1651 1992 1750 1992
1199 1961 1217 1961 1217 2025 1295 2025
1488 427 1645 427 1645 478
1802 809 1802 785 1797 785
1616 342 1723 342 1723 237
67 1077 27 1077 27 1038
305 873 305 889 282 889
1727 319 1731 319 1731 330 1813 330
1208 1182 1213 1182 1213 1299 1292 1299 1292 1302
2010 192 1850 192 1850 64
1460 1672 1460 1666 1530 1666
885 1563 917 1563 917 1586 1044 1586 1044 1686
2044 1730 2044 1795 1993 1795 1993 1845
118 1713 146 1713 146 1775
2026 587 2026 542 1923 542
670 389 670 255 732 255
2040 1812 2040 1913 1981 1913 1981 1916
1491 1744 1491 1671 1489 1671
1851 1319 1972 1319 1972 1310
562 1775 567 1775 567 1856
1188 441 1188 350 1057 350
263 349 263 378 262 378
308 686 308 554 156 554
316 810 316 820 396 820
1779 123 1650 123 1650 128
593 1444 526 1444 526 1585
757 496 757 402 752 402
1463 467 1485 467 1485 330 1506 330
1330 8 1330 40 1249 40 1249 90
1567 150 1616 150 1616 135
1914 1112 1917 1112 1917 1085
682 1053 682 1071 789 1071
1775 1444 1722 1444 1722 1557
573 128 460 128 460 170
1431 954 1439 954 1439 917 1578 917
1228 1761 1152 1761 1152 1898
1795 1284 1798 1284 1798 1175
363 464 382 464 382 389 437 389
1965 606 1981 606 1981 693
120 1685 158 1685 158 1808 202 1808
1579 1833 1579 1893 1469 1893
148 324 122 324 122 268
278 2 175 2 175 160
2005 1050 2005 952 1961 952
387 1874 267 1874 267 1916
1276 43 1276 75 1230 75 1230 88
2003 1986 1988 1986 1988 1915
366 1742 366 1685 435 1685
1677 1303 1529 1303 1529 1143
444 414 491 414 491 338
654 1218 556 1218 556 1306
254 1500 327 1500 327 1489 387 1489
1427 388 1427 237 1320 237
309 460 364 460 364 445
1207 818 1263 818 1263 858
558 1197 570 1197 570 1062 630 1062
1824 1294 1824 1271 1938 1271
786 203 786 340 653 340
93 1305 93 1410 102 1410
989 1064 871 1064 871 1059
1340 1057 1340 1163 1490 1163
326 751 331 751 331 653
273 569 433 569 433 528
293 588 211 588 211 525
1058 2 1060 2 1060 162
2023 406 2015 406 2015 256
1288 124 1312 124 1312 51 1408 51
232 606 232 617 68 617 68 712
172 635 67 635 67 480
78 1814 194 1814 194 1749
163 1670 180 1670 180 1558
902 627 934 627 934 775
612 1721 612 1768 678 1768
1814 352 1814 370 1776 370 1776 490
1080 1377 1080 1415 953 1415 953 1469
1242 1219 1214 1219 1214 1283
227 820 155 820 155 659
1940 1485 1940 1523 1903 1523 1903 1597
2023 339 1876 339 1876 319
825 1684 825 1696 778 1696 778 1792
1320 235 1320 385 1328 385
1344 226 1344 227 1185 227 1185 277
1156 1643 1156 1509 1111 1509
995 635 995 569 1066 569
235 1924 235 1877 168 1877
2046 1280 2046 1244 1919 1244
566 1477 573 1477 573 1506
1421 161 1368 161 1368 100
1683 354 1725 354 1725 320 1730 320
816 329 816 213 676 213
281 270 259 270 259 306
980 844 980 736 873 736
1800 1896 1952 1896 1952 1903
1725 1590 1725 1517 1645 1517
1799 1295 1812 1295 1812 1156
656 2029 632 2029 632 1953
773 822 789 822 789 793
103 1049 202 1049 202 1059
1958 306 1958 319 1996 319 1996 369
885 749 885 724 1037 724
1756 267 1756 340 1876 340 1876 400 1890 400
2024 313 2024 209 1935 209
245 1836 375 1836 375 1814
842 1972 887 1972 887 1950
1717 889 1685 889 1685 727
211 550 98 550 98 514
502 1906 502 1854 647 1854
1285 1932 1232 1932 1232 1919
688 560 688 582 708 582 708 691 748 691
599 2045 599 1883 557 1883
1381 1634 1381 1642 1271 1642 1271 1763
1399 806 1400 806 1400 733 1466 733
1627 1459 1688 1459 1688 1519
518 1900 539 1900 539 1920 662 1920 662 1924
780 632 780 613 931 613
1012 422 934 422 934 383
2005 1583 2019 1583 2019 1626
1758 0 1758 1 1891 1 1891 26
1365 779 1388 779 1388 713
1667 597 1667 604 1705 604 1705 688 1806 688
1278 876 1189 876 1189 933
0 588 0 449 138 449
1009 34 1026 34 1026 111 1067 111
243 2002 243 1867 134 1867
1486 59 1383 59 1383 69
858 64 858 27 913 27
1225 149 1225 201 1264 201 1264 223
817 827 774 827 774 919
559 1431 558 1431 558 1288
1363 523 1465 523 1465 478
1864 793 1893 793 1893 871 1960 871
4 637 27 637 27 571 139 571
563 1232 563 1335 409 1335
1715 1370 1715 1239 1586 1239
855 1769 871 1769 871 1630 996 1630
505 259 471 259 471 262
1462 1677 1539 1677 1539 1691
1131 1583 1131 1741 1113 1741
383 959 222 959 222 871
892 1350 892 1357 940 1357 940 1500 1021 1500
939 1191 1001 1191 1001 1266 1098 1266 1098 1274
917 766 917 786 969 786 969 861 1074 861
949 1560 968 1560 968 1529 1057 1529
25 1395 25 1327 123 1327
700 1253 599 1253 599 1127
969 573 913 573 913 607
438 922 428 922 428 865
1531 1932 1408 1932 1408 1901
975 1964 975 2009 1077 2009
105 777 110 777 110 667
23 901 23 994 34 994 34 1046
2006 1578 2006 1470 2016 1470
326 1331 326 1487 274 1487
1890 1249 1726 1249 1726 1141
670 796 607 796 607 793
1889 1414 1889 1331 1868 1331
276 515 276 523 360 523 360 571
1498 1501 1498 1565 1364 1565
541 1919 541 1780 459 1780
471 773 381 773 381 639
1600 971 1614 971 1614 826 1629 826
924 1282 924 1409 834 1409
1098 769 972 769 972 733
564 878 564 771 533 771
2004 905 2007 905 2007 961
1187 1526 1192 1526 1192 1609
1396 477 1388 477 1388 432
916 146 916 172 944 172
728 67 728 96 830 96 830 121
718 415 718 488 768 488
581 1040 557 1040 557 1039
1296 425 1389 425 1389 312 1406 312
1469 1215 1469 1255 1363 1255 1363 1337
1256 160 1252 160 1252 77
1605 1066 1605 922 1477 922
684 1856 684 1776 592 1776
1669 1114 1669 1124 1510 1124 1510 1132
375 1632 397 1632 397 1594 463 1594
472 1799 484 1799 484 1781 528 1781
494 682 587 682 587 725 640 725
1097 1564 1097 1653 971 1653 971 1679
1540 626 1540 547 1570 547
356 1589 402 1589 402 1524
1064 989 1064 1067 1013 1067
1985 1951 1952 1951 1952 2004
1921 1522 1869 1522 1869 1528
405 1705 405 1714 522 1714
680 492 680 391 642 391
1680 194 1680 204 1551 204 1551 328
1881 22 1890 22 1890 115 1891 115
805 224 799 224 799 178
445 1563 445 1524 288 1524
2002 1414 2020 1414 2020 1300
999 900 1086 900 1086 930
1934 810 1934 708 1851 708
1677 1623 1682 1623 1682 1466
1420 1360 1420 1421 1374 1421 1374 1459
2045 2015 1897 2015 1897 1870
1355 1748 1388 1748 1388 1608
1387 1226 1387 1242 1285 1242 1285 1329
471 580 480 580 480 526
204 321 264 321 264 453 295 453
1218 1564 1218 1546 1320 1546
221 1880 88 1880 88 1871
678 300 678 305 765 305
1844 362 1861 362 1861 367
604 1127 604 1133 674 1133
1548 1385 1506 1385 1506 1394
1175 73 1188 73 1188 11
1559 933 1559 965 1470 965
97 969 97 1111 91 1111
1868 1847 1739 1847 1739 1704
1119 76 1135 76 1135 231
734 539 767 539 767 492 773 492
1629 4 1629 97 1667 97
1906 111 2033 111 2033 123
1910 1578 1910 1598 1862 1598 1862 1621
999 28 997 28 997 48
350 1237 356 1237 356 1119 372 1119
371 369 371 461 244 461 244 498
796 1388 764 1388 764 1372
1452 1192 1452 1244 1315 1244 1315 1307
276 781 276 834 233 834 233 846
1185 68 1185 4 1178 4
417 308 444 308 444 344 544 344
1169 1743 1101 1743 1101 1645
396 1929 538 1929 538 1912
329 1002 450 1002 450 914
395 1243 437 1243 437 1147
1180 33 1180 62 1111 62
1304 1487 1183 1487 1183 1616
1488 981 1488 1023 1395 1023 1395 1097
1686 357 1752 357 1752 254 1797 254
1211 415 1211 422 1085 422 1085 539
1393 906 1345 906 1345 796
1314 1799 1448 1799 1448 1814
468 1460 455 1460 455 1475
1450 249 1497 249 1497 301
1740 287 1745 287 1745 145
1756 1575 1756 1634 1804 1634
483 1728 528 1728 528 1614 631 1614
122 37 180 37 180 16
730 1725 649 1725 649 1736
146 761 152 761 152 778
1848 1091 1734 1091 1734 1205
1337 1955 1337 2018 1270 2018
116 1115 59 1115 59 1128
274 1223 188 1223 188 1133
139 352 196 352 196 214 297 214
1853 1 1853 11 1722 11 1722 56
1079 376 1079 311 1000 311
52 1836 52 1892 193 1892
658 387 658 525 689 525 689 549 787 549
38 1135 38 1240 116 1240 116 1254
751 1241 751 1081 658 1081
1089 316 1092 316 1092 214 1118 214
1086 179 1086 67 1235 67
373 336 373 487 447 487
405 1527 473 1527 473 1385 563 1385
1631 1957 1650 1957 1650 1843
1307 474 1311 474 1311 514 1393 514
510 1140 510 1041 489 1041
1053 835 1161 835 1161 854 1175 854 1175 900
1835 243 1778 243 1778 215
238 1249 347 1249 347 1326
1686 1709 1635 1709
1213 20 1364 20 1364 40
1201 1484 1229 1484 1229 1408
1075 832 1075 928 999 928
935 1966 936 1966 936 2034
1373 793 1389 793 1389 687 1511 687
1206 965 1206 1032 1283 1032
1751 1074 1811 1074 1811 963 1831 963
951 1907 826 1907 826 1831
1545 1665 1692 1665 1692 1526
1043 1845 935 1845 935 1847
1004 1955 1004 1805 958 1805
654 1349 654 1386 518 1386
195 373 195 340 143 340
1231 8 1104 8 1104 139
483 1702 483 1790 414 1790
217 1390 217 1252 210 1252
1333 1507 1176 1507 1176 1441
349 679 218 679 218 686
55 1814 43 1814 43 1815
1152 1229 1158 1229 1158 1150 1276 1150
557 1497 559 1497 559 1507 713 1507 713 1513
875 1634 784 1634 784 1526
139 267 139 345 195 345
412 472 412 458 551 458
1800 511 1782 511 1782 522
1069 555 1137 555 1137 401 1182 401
1542 496 1542 505 1621 505 1621 568 1683 568
1000 116 1076 116 1076 34 1119 34
1424 1865 1376 1865 1376 1878
1240 229 1240 230 1377 230 1377 285 1386 285
1864 1064 1973 1064 1973 1032
642 1924 642 2030 548 2030
678 1406 685 1406 685 1271
286 1302 286 1337 397 1337
1997 1593 1997 1628 2036 1628 2036 1653
1494 941 1455 941 1455 1078
1629 1572 1629 1662 1751 1662 1751 1673
587 915 658 915 658 930
563 1083 639 1083 639 1080
1492 686 1520 686 1520 656 1588 656
373 1415 288 1415 288 1254
935 1004 816 1004 816 910
468 251 468 296 374 296 374 409
1693 1164 1693 1011 1734 1011
197 277 325 277 325 174 347 174
1457 1124 1364 1124 1364 1125
1578 1724 1578 1735 1503 1735
1858 806 1858 810 1798 810 1798 873
379 817 379 747 415 747
801 304 801 371 699 371
1114 1362 1132 1362 1132 1270 1187 1270
1798 921 1798 1011 1797 1011
1722 1280 1686 1280 1686 1329
533 1643 649 1643 649 1562 679 1562
1659 1229 1723 1229 1723 1291 1810 1291
125 176 125 63 215 63
688 539 540 539 540 472
344 1000 344 1042 508 1042 508 1130
871 906 871 891 769 891
743 863 875 863 875 925
1784 472 1778 472 1778 381
1380 1866 1464 1866 1464 1918 1475 1918
1073 649 1058 649 1058 541
1817 1749 1817 1757 1860 1757 1860 1811
1050 738 1134 738 1134 662 1154 662
1694 232 1736 232 1736 72 1758 72
773 15 688 15 688 83
704 1234 704 1131 609 1131
672 1219 731 1219 731 1059 820 1059
1870 33 1782 33 1782 30
1235 1835 1255 1835 1255 1718
530 1241 530 1140 638 1140
1475 1586 1505 1586 1505 1550
986 1693 944 1693 944 1685
705 499 761 499 761 522
1313 1335 1313 1298 1278 1298
254 155 243 155 243 88
560 256 529 256 529 129
694 1272 694 1197 615 1197
1394 968 1394 1099 1516 1099 1516 1123
486 816 519 816 519 821
301 2005 368 2005 368 1917 433 1917
386 696 386 717 492 717 492 765
757 571 768 571 768 500 821 500
1386 1449 1386 1522 1369 1522
1986 391 1986 462 1866 462
1858 1223 1925 1223 1925 1137 2004 1137
1404 1613 1441 1613 1441 1476
558 163 555 163 555 101
245 1061 245 1069 404 1069 404 1158
415 1727 318 1727 318 1607
122 1369 153 1369 153 1532 169 1532
1162 1399 1239 1399 1239 1400 1250 1400 1250 1471
1029 1363 977 1363 977 1297
659 1003 567 1003 567 1108
597 592 544 592 544 581
783 463 832 463 832 535
87 1139 87 1197 170 1197 170 1281 217 1281
1230 437 1258 437 1258 321 1287 321
988 1200 988 1267 1064 1267 1064 1300
165 562 95 562 95 489
1550 2042 1555 2042 1555 2038
1140 1593 1140 1434 1303 1434
397 474 409 474 409 314 443 314
1374 918 1422 918 1422 840 1536 840
973 1673 987 1673 987 1700 1016 1700
663 1321 699 1321 699 1225
1934 1065 1934 1092 1771 1092 1771 1150
1628 891 1628 836 1636 836
1006 1158 953 1158 953 1067
1386 1241 1251 1241 1251 1162
337 93 372 93 372 91
364 1381 398 1381 398 1267 426 1267
1193 1464 1193 1593 1207 1593
167 573 167 561 159 561
837 236 850 236 850 321
983 1230 888 1230 888 1083
785 375 785 263 703 263
1069 155 1063 155 1063 188
1348 798 1279 798 1279 827
302 751 302 875 269 875
1075 38 1039 38 1039 68
1917 161 1917 195 1828 195 1828 264
1437 367 1437 499 1308 499 1308 527
1578 317 1578 324 1484 324 1484 357
1408 1201 1278 1201 1278 1117
1728 762 1804 762 1804 737
430 1355 430 1446 393 1446
302 750 336 750 336 675 383 675
14 561 14 596 43 596 43 675 116 675
1361 608 1206 608 1206 487
1172 499 1266 499 1266 537 1308 537
371 1245 438 1245 438 1141 452 1141
2000 23 2000 38 1870 38 1870 86
437 487 437 437 562 437
784 1874 784 1955 825 1955
1610 1228 1749 1228 1749 1111
659 1661 659 1803 517 1803
1424 246 1485 246 1485 83
721 1175 721 1242 645 1242
996 295 1091 295 1091 289
754 1764 857 1764 857 1747
1184 889 1184 938 1136 938 1136 1012
1457 40 1457 138 1356 138
515 106 502 106 502 82
79 224 79 225 7 225 7 270
1407 335 1334 335 1334 255
908 1780 911 1780 911 1942
1322 1870 1322 1839 1454 1839
730 308 654 308 654 288
653 1630 653 1644 567 1644 567 1694
276 836 175 836 175 835
1890 1013 1890 1097 1807 1097
887 1150 887 1209 1000 1209 1000 1221
1767 350 1820 350 1820 441
765 1399 745 1399 745 1332
113 1089 113 1033 145 1033
1080 710 1214 710 1214 772
251 1805 206 1805 206 1753
648 931 593 931 593 1000
389 696 389 533 231 533
137 1526 137 1534 11 1534 11 1684
195 1838 172 1838 172 1873
1400 1424 1469 1424 1469 1332 1546 1332
1527 1016 1527 1118 1533 1118
756 737 756 670 805 670
1430 1384 1397 1384 1397 1366
769 708 769 766 883 766
704 717 704 771 695 771
41 1406 41 1439 54 1439 54 1564
741 95 876 95 876 33
1077 1927 1085 1927 1085 1971
583 1982 583 2013 448 2013 448 2026
1069 1093 982 1093 982 963
507 69 569 69 569 98
99 1242 33 1242 33 1146
1080 1172 1078 1172 1078 1056
1108 1636 1108 1776 1096 1776
1556 1147 1569 1147 1569 1308
930 250 956 250 956 356 1012 356
446 471 446 491 367 491
1230 580 1341 580
1721 1063 1721 1204 1679 1204
200 1530 200 1490 326 1490
1554 1051 1615 1051 1615 935 1715 935
40 346 51 346 51 477
1743 870 1756 870 1756 974 1771 974 1771 1010
1357 274 1357 305 1469 305 1469 402 1482 402
773 27 773 8 663 8
1033 1816 1012 1816 1012 1848
1662 1850 1681 1850 1681 1724
85 1165 140 1165 140 1106
812 989 754 989 754 1035
9 1883 9 1742 64 1742
1536 12 1576 12 1576 56
684 1111 735 1111 735 1173 753 1173
148 1637 197 1637 197 1652
1750 1680 1834 1680 1834 1742 1900 1742
6 1866 6 1919 81 1919
1732 2034 1613 2034 1613 1947
758 1615 781 1615 781 1742 794 1742
1290 1308 1290 1342 1383 1342 1383 1408
821 910 821 1074 748 1074
1725 932 1697 932 1697 848
668 618 668 767 691 767
1202 1853 1188 1853 1188 1940
66 1004 66 1020 204 1020 204 1051
559 687 584 687 584 756
342 792 287 792 287 708
635 975 748 975 748 909
1690 599 1765 599 1765 551
106 284 106 350 192 350
216 1164 216 1124 183 1124
1398 297 1520 297
54 1973 197 1973 197 1939
501 1538 501 1427 628 1427
1526 1954 1580 1954 1580 1834 1616 1834
68 232 132 232 132 147 169 147
1900 861 1900 869 2010 869 2010 899
1042 17 1066 17 1066 112
953 1738 953 1834 888 1834 888 1849
563 2012 575 2012 575 1949 727 1949
224 88 224 6 99 6
456 1683 460 1683 460 1546
1192 1307 1183 1307 1183 1352
227 1763 227 1701 165 1701
339 1949 350 1949 350 1880
1118 180 1132 180 1132 309 1172 309
734 36 734 132 745 132
1556 1134 1570 1134 1570 1235 1719 1235
1551 1172 1551 1256 1446 1256 1446 1307
770 1558 751 1558 751 1498
1949 737 1949 637 1870 637
441 1530 477 1530 477 1691
483 1906 441 1906 441 1854
703 2025 703 2045 799 2045
192 414 104 414 104 272
293 1864 281 1864 281 1890
1373 264 1283 264 1283 154
1230 45 1232 45 1232 2 1388 2
795 1114 795 1185 634 1185
1551 266 1543 266 1543 323
519 1606 519 1627 550 1627 550 1716
1086 530 1086 540 952 540 952 622
1545 1757 1545 1820 1616 1820 1616 1916
1222 981 1089 981 1089 909
1816 1774 1816 1689 1822 1689
1844 94 1833 94 1833 98
229 4 229 37 249 37
359 1163 359 1246 425 1246 425 1252
1483 843 1483 761 1528 761
1396 1371 1248 1371 1248 1235
1234 1903 1222 1903 1222 1942
118 506 118 492 260 492
1840 1562 1840 1473 1764 1473
1981 1878 1928 1878 1928 1870
1469 95 1370 95 1370 229
1255 1749 1267 1749 1267 1597 1341 1597
529 1226 566 1226 566 1288
193 468 212 468 212 583 334 583 334 617
1209 512 1220 512 1220 586 1258 586 1258 668
1934 86 1934 168 1991 168
209 1544 45 1544 45 1673
1147 201 1147 160 1222 160
527 600 578 600 578 658 672 658
283 1256 198 1256 198 1148
1483 398 1483 302 1383 302
1230 200 1233 200 1233 41 1245 41
1924 1530 1979 1530 1979 1542
79 1140 80 1140 80 1229 225 1229
1754 823 1688 823 1688 682
1454 1122 1458 1122 1458 1133 1581 1133 1581 1161
1362 996 1339 996 1339 1070
1722 350 1722 239 1612 239
100 2027 38 2027 38 2002
1005 601 1118 601 1118 492
534 1567 534 1590 373 1590 373 1611
855 1265 815 1265 815 1392
35 1221 35 1117 141 1117
256 1244 275 1244 275 1167 398 1167
514 200 612 200 612 195
689 402 689 524 744 524
280 1092 280 1079 325 1079
570 1953 504 1953 504 1898
224 1285 224 1170 355 1170
1652 1324 1653 1324 1653 1438 1726 1438
1316 1408 1328 1408 1328 1531 1398 1531
1627 1459 1614 1459 1614 1345
1523 651 1519 651 1519 685
104 900 104 915 205 915 205 981 253 981
1171 944 1207 944 1207 1008 1295 1008
1639 1900 1649 1900 1649 1779
1982 565 1982 682 1940 682
1262 1645 1262 1564 1287 1564
1945 371 1966 371 1966 415
619 157 674 157 674 220 676 220
1988 840 2039 840 2039 747
543 26 451 26 451 30
1892 398 1892 417 1774 417
1779 1268 1767 1268 1767 1191
501 480 507 480 507 626 558 626
396 1209 396 1238 295 1238 295 1329
1534 1582 1558 1582 1558 1487
492 10 607 10 607 45
1984 37 1984 28 1881 28
265 2041 153 2041 153 2031
1677 113 1677 151 1593 151 1593 211
976 1834 976 1897 836 1897
581 911 722 911 722 754
680 1118 680 967 629 967
1087 538 1087 503 932 503
1110 409 1110 304 969 304
693 304 771 304 771 154 798 154
449 1303 449 1331 359 1331 359 1367
1067 1256 1094 1256 1094 1178
1254 212 1254 259 1319 259 1319 334 1388 334
1918 278 2028 278 2028 131
112 1998 246 1998 246 1900
1674 583 1677 583 1677 495
1216 1511 1216 1425 1155 1425
78 924 10 924 10 944
1824 1750 1824 1626 1683 1626
1797 153 1797 57
619 1431 619 1555 577 1555
688 1968 714 1968 714 1864
749 387 749 425 755 425
634 1796 544 1796 544 1743
2031 1754 2031 1742 1968 1742
2024 1767 2024 1794 1891 1794
976 1612 969 1612 969 1680
707 581 730 581 730 660 826 660 826 689
530 1057 527 1057 527 975
1452 1834 1455 1834 1455 1860 1576 1860
1192 1665 1139 1665 1139 1676
820 591 688 591 688 589
1214 860 1266 860 1266 796
513 1863 513 1886 449 1886
177 482 182 482 182 545 327 545 327 578
1206 1958 1206 2041 1346 2041
1154 1236 1144 1236 1144 1227
929 1649 1001 1649 1001 1567 1077 1567
1143 703 1233 703 1233 693
13 51 58 51 58 177 157 177 157 184
867 840 733 840 733 961
1300 114 1304 114 1304 165 1380 165
1220 1695 1092 1695 1092 1545
1322 848 1424 848 1424 922
98 2001 96 2001 96 1969
652 308 652 318 768 318 768 436 782 436
272 1651 272 1746 193 1746
1740 807 1740 736 1688 736
576 464 487 464 487 578
1566 1596 1470 1596 1470 1502
1725 1868 1794 1868 1794 1969 1807 1969
547 135 547 164 655 164 655 295 681 295
1351 807 1455 807 1455 923 1503 923 1503 951
1407 1268 1407 1339 1243 1339
1316 512 1316 379 1226 379
392 1745 282 1745 282 1696
1262 1570 1279 1570 1279 1710 1299 1710
1568 1021 1568 942 1406 942
1712 1302 1779 1302 1779 1424
1247 1447 1247 1485 1142 1485 1142 1527
568 134 568 171 524 171
1301 1301 1301 1303 1138 1303 1138 1349
1430 1523 1430 1560 1283 1560 1283 1641
1810 1030 1810 890 1818 890
1198 1034 1296 1034 1296 990 1360 990
352 653 352 528 271 528
1174 1676 1174 1744 1164 1744 1164 1831
987 1573 1112 1573 1112 1675 1137 1675
1635 1576 1660 1576 1660 1544
366 196 366 86 296 86
1885 295 1782 295 1782 158
651 922 651 964 488 964
1311 84 1311 5 1244 5
1028 1493 1085 1493 1085 1611
1091 2047 1060 2047 1060 1925
1252 1713 1262 1713 1262 1682
336 1516 336 1542 371 1542 371 1650 376 1650
479 1706 479 1554 564 1554
888 1612 753 1612 753 1618
1 1099 68 1099 68 1073 112 1073
1500 1529 1500 1514 1397 1514
929 2022 832 2022 832 1983
846 1742 846 1735 792 1735
638 1338 638 1196 694 1196
380 1491 380 1522 217 1522
426 324 429 324 429 349 555 349
1021 1381 1027 1381 1027 1269 1093 1269
1438 1538 1438 1562 1303 1562 1303 1599
2012 727 1986 727 1986 580
734 1569 606 1569 606 1448
1288 1952 1293 1952 1293 1914
1455 321 1327 321 1327 183
1070 1177 1071 1177 1071 1120
1947 621 1930 621 1930 472
245 141 245 114 352 114
2033 1034 2033 994 1955 994
2009 430 2009 469 1905 469
1548 1819 1597 1819 1597 1719 1692 1719
1812 160 1812 31 1951 31
1042 1534 1042 1514 1001 1514
1318 1250 1318 1338 1468 1338 1468 1399
177 1842 214 1842 214 1847
554 1040 554 1041 640 1041 640 1104 682 1104
265 1161 321 1161 321 1099
1548 1653 1567 1653 1567 1526 1606 1526
920 113 920 29 1080 29
27 437 50 437 50 478 80 478 80 480
1949 1585 1949 1667 1788 1667
1051 633 1016 633 1016 619
1329 1707 1329 1796 1266 1796 1266 1801
516 1967 516 1816 427 1816
1205 830 1234 830 1234 696 1297 696
807 2010 824 2010 824 1988
1708 1817 1750 1817 1750 1730
117 319 281 319 281 358
782 276 777 276 777 199
1507 2013 1394 2013 1394 1899
49 443 49 595 36 595
1272 1803 1320 1803 1320 1872 1427 1872 1427 1908
703 87 685 87 685 33
134 1009 161 1009 161 921 271 921
373 740 385 740 385 578
1723 1501 1768 1501 1768 1572 1878 1572 1878 1586
1888 1947 1904 1947 1904 1957
1812 10 1715 10 1715 169
127 561 26 561 26 592
614 701 608 701 608 594
1728 536 1739 536 1739 400 1776 400
1364 627 1357 627 1357 782
1235 1908 1235 1899 1363 1899
1953 621 1953 480 2004 480
1402 1586 1402 1677 1452 1677
903 1378 903 1396 799 1396 799 1422
583 91 585 91 585 123 725 123
2005 28 2005 72 1967 72 1967 160
1922 1542 1941 1542 1941 1554
474 10 430 10 430 29
1936 994 1936 968 1786 968
352 1338 352 1323 408 1323
1171 637 1192 637 1192 568 1233 568
1241 1370 1110 1370 1110 1348
878 1540 878 1544 813 1544 813 1657
474 621 488 621 488 571 586 571
1099 569 1099 579 985 579 985 595
734 1574 734 1476 645 1476
782 1032 773 1032 773 933
2015 1035 2015 1132 1969 1132
1424 1097 1431 1097 1431 1090
1379 1654 1379 1662 1321 1662 1321 1745
1175 328 1189 328 1189 403 1257 403
712 386 583 386 583 242
432 821 432 729 287 729
1055 1182 1041 1182 1041 1079
132 741 254 741 254 749
1992 1068 1992 960 1975 960
630 1260 734 1260 734 1302
1771 1845 1714 1845 1714 1719
1819 939 1819 825 1680 825
1442 1059 1442 1169 1284 1169 1284 1217
641 58 679 58 679 88 705 88 705 98
1227 541 1227 430 1082 430
1229 296 1229 305 1318 305 1318 416 1328 416
1163 1768 1325 1768 1325 1795
1832 2021 1832 1984 1680 1984
527 1626 527 1613 596 1613
319 1718 403 1718 403 1719 433 1719 433 1752
1313 917 1313 846 1454 846
432 505 470 505 470 639
1026 1378 864 1378 864 1395
1666 691 1686 691 1686 791 1688 791
12 234 133 234 133 210 172 210
421 1642 422 1642 422 1789
1075 1037 1100 1037 1100 1092 1154 1092 1154 1165
1107 728 1107 609 1016 609
1871 874 1974 874 1974 893
718 233 718 234 581 234 581 319
847 684 847 767 746 767
984 1208 922 1208 922 1170
1407 1186 1407 1245 1332 1245 1332 1299
1252 1859 1252 1884 1341 1884
1323 564 1323 675 1169 675
1453 1962 1461 1962 1461 1909
378 118 378 18 356 18
1435 68 1532 68 1532 154
1163 958 1315 958 1315 975
1023 1547 1095 1547 1095 1632
79 1204 44 1204 44 1239
1985 456 1985 395 1884 395
1639 1832 1639 1944 1481 1944 1481 1958
1594 347 1594 358 1742 358 1742 382
1985 853 1953 853 1953 868
1222 28 1361 28 1361 133 1383 133
381 1984 381 2034 336 2034
1940 1346 1804 1346 1804 1200
1351 446 1326 446 1326 578
1998 1337 1998 1457 1874 1457
1216 3 1233 3 1233 39 1294 39
58 648 58 778 130 778 130 805 172 805
1257 646 1257 674 1316 674 1316 730
740 1677 814 1677 814 1629 899 1629
1741 500 1843 500 1843 435 1891 435
868 768 868 620 875 620
1460 320 1460 364 1323 364 1323 378
730 1983 701 1983 701 2025
2046 10 2046 151 1979 151
492 1222 492 1098 476 1098
305 1539 305 1571 246 1571
1504 1773 1530 1773 1530 1713 1596 1713
334 275 331 275 331 394
405 1908 405 1961 449 1961
1956 1154 1956 1216 2006 1216 2006 1299
1167 1844 1167 1746 1193 1746
1045 937 1087 937 1087 903 1149 903
107 1196 217 1196 217 1143 255 1143
2026 81 1952 81 1952 137
1301 966 1301 1074 1157 1074 1157 1091
978 1057 978 963 1050 963
468 1038 468 943 502 943
1535 318 1535 273 1691 273
698 1927 698 1838 811 1838
1150 1622 1160 1622 1160 1504
1758 683 1758 684 1603 684 1603 759
990 581 990 596 953 596 953 681
749 1083 808 1083 808 1172 857 1172
839 1455 937 1455 937 1584 1000 1584
1911 987 1911 998 1963 998 1963 1126
774 1921 774 1929 897 1929 897 1975 926 1975
378 1048 505 1048 505 1071
1570 728 1570 763 1581 763
857 1270 764 1270 764 1314
1742 1021 1742 890 1710 890
276 690 211 690 211 589
100 155 77 155 77 169
1087 122 1087 159 1115 159
1786 1414 1786 1294 1650 1294
68 1542 68 1408 48 1408
1783 169 1783 194 1897 194 1897 319
634 208 634 209 608 209 608 338
756 56 756 16 625 16
939 1460 939 1407 817 1407
1118 279 1082 279 1082 268
2008 1443 1938 1443 1938 1391
964 1565 980 1565 980 1441 992 1441
1520 1725 1457 1725 1457 1843
1504 747 1504 748 1545 748 1545 824 1603 824
1382 1798 1382 1692 1284 1692
1003 1985 1003 1899 901 1899
1751 1991 1841 1991 1841 2019 1912 2019
608 1684 609 1684 609 1750
1483 1543 1510 1543 1510 1475 1542 1475
110 1904 152 1904 152 2009 177 2009
1175 195 1277 195 1277 64 1309 64
839 1590 840 1590 840 1453 946 1453
1743 817 1772 817 1772 723 1813 723
1166 503 1197 503 1197 609 1260 609 1260 651
803 2009 746 2009 746 1989
210 1217 210 1251 218 1251 218 1296 244 1296
1534 1106 1534 991 1485 991
1511 1786 1511 1924 1414 1924
1553 343 1553 483 1615 483
1703 555 1703 584 1553 584 1553 649
1528 1608 1528 1614 1409 1614 1409 1725
1208 1704 1342 1704 1342 1706
1905 1106 1905 1008 1841 1008
553 684 395 684 395 614
663 1789 663 1857 524 1857 524 1887
1383 1267 1412 1267 1412 1288 1518 1288
2040 663 1889 663 1889 645
875 954 768 954 768 962
32 1930 26 1930 26 2031
878 1290 913 1290 913 1167 962 1167
31 151 31 197 104 197
1753 500 1753 629 1787 629
669 466 669 401 703 401
535 1666 538 1666 538 1779
469 1760 421 1760 421 1602
752 1064 822 1064 822 974 886 974
1859 61 1859 17 1958 17
586 516 610 516 610 426 662 426
1993 1251 1892 1251 1892 1160
1281 1444 1327 1444 1327 1427
27 993 159 993 159 984
1660 1335 1660 1346 1752 1346 1752 1367
283 864 283 738 252 738
2046 1583 2046 1539 2035 1539
1105 1029 1171 1029 1171 972
1756 1011 1787 1011 1787 1071 1862 1071
869 1853 869 1833 915 1833
469 1722 469 1589 429 1589
1542 866 1608 866 1608 867
1393 1485 1393 1542 1356 1542
1867 324 1811 324 1811 247
865 1225 865 1231 959 1231 959 1357 987 1357
279 1748 279 1592 124 1592
630 1359 586 1359 586 1405
1473 1708 1596 1708 1596 1764
978 1360 989 1360 989 1225 1099 1225
1657 1928 1666 1928 1666 2007 1725 2007
1300 686 1307 686 1307 835
1353 1019 1314 1019 1314 1036
642 1319 642 1390 589 1390
802 1695 766 1695 766 1785
31 501 7 501 7 539
976 126 982 126 982 61
1388 1951 1388 2024 1317 2024
661 1879 661 1874 665 1874
1528 1023 1528 1115 1538 1115
933 1303 933 1243 987 1243
138 228 138 244 18 244
817 1532 817 1567 916 1567 916 1586
933 407 933 432 821 432
1437 217 1437 241 1552 241 1552 314 1573 314
1777 1466 1777 1343 1669 1343
768 1001 768 1047 694 1047
19 774 34 774 34 782 129 782
40 957 15 957 15 899
984 1959 912 1959 912 1880
1039 578 1039 557 1172 557
1468 610 1493 610 1493 650 1564 650 1564 739
405 898 405 1027 370 1027
1827 1179 1827 1315 1802 1315
995 1956 1044 1956 1044 1816 1103 1816
1897 747 1861 747 1861 819
1487 1172 1420 1172 1420 1214
1585 384 1585 240 1477 240
991 1752 873 1752 873 1650
103 1903 70 1903 70 1780
1317 52 1317 182 1402 182 1402 211 1437 211
1022 519 1025 519 1025 409
648 1625 648 1628 513 1628 513 1660
1166 240 1220 240 1220 274 1297 274
1614 1561 1576 1561 1576 1638
1579 830 1579 844 1465 844 1465 890
404 33 506 33 506 98 560 98
1660 522 1660 416 1597 416
657 938 723 938 723 782 798 782
127 625 205 625 205 675 277 675
1771 93 1742 93 1742 82
237 85 237 243 301 243
1036 1299 1036 1303 1105 1303 1105 1358
1498 575 1498 698 1437 698 1437 718
201 1384 211 1384 211 1425 218 1425
1946 997 1913 997 1913 948
1400 1426 1470 1426 1470 1324 1519 1324
376 1068 256 1068 256 969
171 507 171 417 261 417
210 227 248 227 248 143
1613 98 1613 99 1706 99 1706 196
1129 743 1039 743 1039 599
967 1538 967 1545 839 1545 839 1552
164 479 164 499 181 499
247 1609 86 1609 86 1733
1607 576 1611 576 1611 547
1468 307 1417 307 1417 319
1815 1379 1974 1379 1974 1368
956 1578 981 1578 981 1555 1091 1555
1403 1022 1420 1022 1420 986 1455 986
438 1372 438 1405 548 1405 548 1507 558 1507
641 390 671 390 671 344 708 344
710 672 770 672 770 713 833 713 833 728
1055 1479 1055 1501 928 1501 928 1585
1989 1706 1967 1706 1967 1570
1810 538 1862 538 1862 391 1875 391
354 957 385 957 385 982
1858 1177 1891 1177 1891 1252 1936 1252 1936 1327
1141 211 1141 135 1115 135
62 1941 11 1941 11 2013
1401 1231 1401 1243 1265 1243 1265 1251
1921 1844 1921 1855 2014 1855 2014 1912
1765 905 1765 866 1655 866
1961 149 2036 149 2036 7
577 598 577 658 467 658
1649 1907 1649 1913 1603 1913
642 428 642 569 510 569
880 998 824 998 824 907
1156 731 1156 770 1110 770 1110 820
33 779 33 912 40 912
127 120 173 120 173 199
453 1499 453 1514 396 1514 396 1628
1360 78 1342 78 1342 137
1425 1524 1264 1524 1264 1512
1469 108 1469 183 1341 183
1148 806 1201 806 1201 760
526 1352 515 1352 515 1193
780 1722 780 1743 801 1743 801 1840
279 1351 279 1377 154 1377 154 1421
1303 1612 1374 1612 1374 1587
1242 115 1242 148 1137 148 1137 166
494 889 366 889 366 744
1122 916 1122 931 1220 931
1824 75 1824 161 1791 161 1791 217
1454 851 1318 851 1318 867
1325 1836 1325 1860 1404 1860
130 538 139 538 139 424 220 424
1191 452 1191 607 1120 607
1392 372 1392 426 1347 426 1347 429
1963 41 1984 41 1984 40
1633 1783 1603 1783 1603 1931
1838 887 1838 752 1730 752
1193 1114 1314 1114 1314 1057
1300 438 1319 438 1319 408 1350 408
320 1150 210 1150 210 1021
1278 1574 1275 1574 1275 1712
527 1696 527 1642 496 1642
744 146 744 155 587 155 587 277
603 1319 603 1395
1106 234 965 234 965 170
1302 1992 1308 1992 1308 1907 1339 1907
1535 26 1617 26 1617 61
105 348 261 348 261 346
1510 1192 1539 1192 1539 1099
150 0 225 0 225 38 262 38 262 91
100 266 52 266 52 300
917 160 983 160 983 151
1839 1916 1858 1916 1858 1844 1925 1844
1730 338 1730 253 1615 253
1269 428 1401 428 1401 323
865 411 803 411 803 268
1014 849 1014 732 1119 732
901 510 902 510 902 361 1060 361
995 1926 995 1986 1132 1986 1132 2044
555 725 555 734 581 734 581 801 635 801
940 805 827 805 827 669
307 1808 307 1809 457 1809 457 1855
1858 1636 1778 1636 1778 1667
1918 1181 1924 1181 1924 1112 1986 1112
1112 609 1133 609 1133 692
759 197 759 37 663 37
681 498 679 498 679 401
1749 958 1749 1009 1764 1009
1131 737 1131 713 994 713
1087 2030 951 2030 951 1996
627 1873 627 2016 581 2016
580 396 580 382 621 382
1866 1617 1767 1617 1767 1560
523 781 393 781 393 763
528 1428 534 1428 534 1526 583 1526 583 1579
699 238 700 238 700 280 778 280 778 344
1449 495 1449 442 1290 442
554 1555 574 1555 574 1484 667 1484
1151 1010 1143 1010 1143 1091
154 589 4 589 4 460
1696 693 1642 693 1642 746
1274 530 1274 470 1206 470
62 179 57 179 57 85
431 1276 450 1276 450 1419 573 1419
1641 136 1672 136 1672 31 1719 31
124 535 124 555 206 555 206 654 238 654
22 1604 47 1604 47 1605
1203 1441 1208 1441 1208 1551 1312 1551
1655 748 1655 891 1522 891
1151 1899 1151 2006 1215 2006
1880 1926 1891 1926 1891 1861 2040 1861
1912 234 1912 221 2046 221
164 813 117 813 117 863
928 840 928 807 859 807
1665 2004 1665 2027 1511 2027
673 1030 673 1119 720 1119 720 1157
1373 252 1376 252 1376 363
699 368 704 368 704 497 766 497 766 522
884 1648 884 1795 863 1795
1956 1683 1863 1683 1863 1689
1430 680 1462 680 1462 644 1486 644
463 1869 451 1869 451 1962
2006 1116 1855 1116
1303 476 1303 361 1212 361
958 1266 958 1414 1012 1414
1710 1219 1621 1219 1621 1245
377 2041 377 1935 381 1935
906 1007 941 1007 941 1087
139 1480 139 1331 219 1331
298 1079 298 1227 321 1227
780 1815 780 1772 843 1772
1750 645 1750 502 1861 502
209 309 209 385 132 385
117 15 23 15 23 86
1975 1602 1975 1559 1827 1559
1875 1834 1926 1834 1926 1854 2032 1854 2032 1942
82 582 50 582 50 659
651 1081 652 1081 652 917 800 917
1419 1420 1285 1420 1285 1481
1034 1007 949 1007 949 1085
537 2039 410 2039 410 1894
908 823 751 823 751 685
1420 1717 1453 1717 1453 1623 1512 1623
355 698 355 843 244 843
1180 892 1181 892 1181 920
1795 2026 1927 2026 1927 1916
1288 1930 1296 1930 1296 2034 1359 2034
1751 202 1658 202 1658 265
1634 534 1662 534 1662 389 1752 389
1442 635 1453 635 1453 651
1744 73 1774 73 1774 237
262 1905 262 1866 227 1866
553 1262 553 1353 430 1353
794 1578 799 1578 799 1461 813 1461
1186 827 1186 829 1039 829 1039 980
1884 1124 1815 1124 1815 989
1643 1980 1651 1980 1651 1924 1749 1924
769 2042 860 2042 860 2026
1406 611 1406 531 1415 531
471 1638 471 1534 553 1534
572 346 645 346 645 279 699 279
1394 1831 1410 1831 1410 1720 1526 1720
13 133 15 133 15 8
172 1090 172 1123 86 1123 86 1203
1700 460 1707 460 1707 578 1716 578
1731 683 1751 683 1751 604 1828 604
1397 1927 1397 1967 1258 1967
259 869 420 869 420 727
1423 1478 1423 1561 1344 1561 1344 1593
47 1408 47 1409 152 1409 152 1427
260 1682 260 1611 297 1611
912 1253 878 1253 878 1289
757 278 751 278 751 209
889 1584 770 1584 770 1586
1847 2035 1793 2035 1793 1889
1843 887 1843 926 1914 926 1914 954 1979 954
163 1799 163 1671 144 1671
1734 1897 1792 1897 1792 1747 1839 1747
2031 759 1902 759 1902 716
1467 591 1488 591 1488 447 1583 447
272 1540 148 1540 148 1393
1549 105 1549 98 1614 98
1629 428 1629 538 1517 538
1994 1499 1994 1537 1840 1537
1681 185 1716 185 1716 148 1795 148
1265 837 1265 842 1150 842 1150 941
587 1150 683 1150 683 1075 730 1075
2045 125 2045 83 1970 83
361 1906 298 1906 298 1913
1656 1404 1705 1404 1705 1355
1322 814 1425 814 1425 948 1438 948
665 1902 665 1839 502 1839
346 486 346 413 290 413
575 1492 706 1492 706 1516
1652 1329 1647 1329 1647 1458
120 853 218 853 218 695 257 695
1827 955 1845 955 1845 814 1892 814
314 1043 314 1007 402 1007
1182 1806 1182 1941 1211 1941
554 1524 662 1524 662 1509
542 1182 586 1182 586 1151
1771 753 1771 757 1688 757
34 747 69 747 69 706 175 706
1630 323 1630 331 1501 331 1501 404
1743 1661 1696 1661 1696 1525
923 785 939 785 939 717 1074 717
935 164 933 164 933 103
760 382 750 382
1875 578 1875 585 1766 585 1766 606
242 474 242 582 291 582
736 1745 736 1679 865 1679
1804 1895 1804 1863 1657 1863
89 1453 98 1453 98 1411
1262 786 1399 786 1399 743
367 1991 213 1991 213 1973
718 210 746 210 746 146
1513 666 1513 507 1353 507
1681 1703 1746 1703 1746 1748
578 304 578 417 645 417
1751 273 1751 130 1915 130
569 1109 569 971 527 971
1473 1241 1519 1241 1519 1304 1557 1304 1557 1325
1712 812 1680 812 1680 835
388 1239 435 1239 435 1097 471 1097
219 226 219 62 177 62
1494 19 1529 19 1529 61
968 311 968 352 1061 352 1061 421 1118 421
204 664 204 782 249 782
318 1469 318 1380 326 1380
630 1560 699 1560 699 1701
614 648 614 573 608 573
1495 458 1514 458 1514 539 1620 539 1620 556
274 319 274 445 351 445
668 1846 668 1980 694 1980
146 14 135 14 135 115
894 1527 809 1527 809 1563
699 1732 724 1732 724 1804 860 1804 860 1847
1044 284 1027 284 1027 358
972 1347 972 1215 833 1215
136 1536 170 1536 170 1477 203 1477
612 1707 697 1707 697 1661
1470 162 1527 162 1527 125 1634 125
950 1402 950 1273 927 1273
21 1017 21 1081 37 1081
107 207 107 58 133 58
1426 324 1447 324 1447 344
776 1117 742 1117 742 1124
1981 954 1995 954 1995 882
1275 1202 1275 1218 1203 1218 1203 1311
1381 1673 1383 1673 1383 1820 1407 1820
996 1051 996 1088 907 1088 907 1093
797 1366 785 1366 785 1212
1046 1302 1099 1302 1099 1252 1199 1252
1299 1829 1268 1829 1268 1730
177 940 177 1034 139 1034 139 1078
958 708 984 708 984 643
1192 841 1103 841 1103 914
854 1435 757 1435 757 1519
496 506 496 570 656 570 656 646
800 447 876 447 876 578
629 311 471 311 471 338
1809 1242 1790 1242 1790 1266
1156 1398 1059 1398 1059 1379
1823 1811 1821 1811 1821 1857
777 1334 777 1424 688 1424 688 1484
127 420 127 470 121 470 121 577
1426 300 1426 418 1327 418
1399 149 1417 149 1417 40 1448 40
1043 979 1043 982 1115 982 1115 1058 1171 1058
1510 335 1510 410 1393 410
1620 1532 1593 1532 1593 1433
1972 547 1972 636 1947 636
1137 892 1157 892 1157 937
1461 1701 1461 1689 1367 1689
1943 70 1915 70 1915 23
586 694 586 716 446 716 446 735
446 1814 350 1814 350 1858
1249 1386 1257 1386 1257 1540 1360 1540
939 1985 850 1985 850 1863
172 1476 213 1476 213 1447
1111 973 1022 973 1022 964
1848 1781 1848 1812 1953 1812 1953 1853
1829 602 1852 602 1852 689 1963 689
350 576 410 576 410 430 465 430
732 268 732 279 815 279 815 312
514 830 498 830 498 861
110 1409 110 1428 214 1428 214 1474 271 1474
2008 410 2008 390 1912 390
1269 1886 1238 1886 1238 1965
915 1949 915 1923 1033 1923
378 512 343 512 343 486
473 1124 473 1162 320 1162 320 1164
998 227 998 249 1094 249 1094 387
307 430 307 308 281 308
406 1058 406 1190 305 1190 305 1216
274 660 271 660 271 652
243 1326 280 1326 280 1433 309 1433
640 1880 663 1880 663 1982 795 1982 795 1995
1022 1259 962 1259 962 1280
1499 189 1551 189 1551 129 1657 129
139 907 139 871 55 871
1661 849 1661 968 1728 968
1952 1941 1907 1941 1907 1841
801 637 801 602 840 602
921 1609 921 1652 940 1652
2001 637 2019 637 2019 621
1689 911 1689 918 1576 918 1576 974
13 1382 13 1279 27 1279
43 495 43 386 121 386
1256 1464 1256 1435 1160 1435
1627 1435 1627 1441 1509 1441 1509 1477
855 1543 855 1474 907 1474
231 1729 264 1729 264 1645 311 1645
916 653 916 712 792 712
586 752 586 782 449 782 449 797
501 1842 501 1935 422 1935
1022 1245 1023 1245 1023 1265 1138 1265
810 1684 744 1684 744 1734
1256 258 1386 258 1386 261
280 522 306 522 306 447
1767 1973 1707 1973 1707 1875
1038 1226 1038 1240 1175 1240
198 734 198 688 193 688
836 1938 752 1938 752 1949
1522 666 1560 666 1560 743
1686 1071 1566 1071 1566 962
204 979 187 979 187 1013
1761 1847 1761 1692 1630 1692
1056 723 987 723 987 625
370 428 372 428 372 495 471 495
247 1537 326 1537 326 1600 354 1600
303 173 449 173 449 194
747 1954 747 1976 585 1976
69 672 83 672 83 581 205 581
1633 1894 1633 1780 1600 1780
1215 1697 1180 1697 1180 1787
1036 167 1030 167 1030 210
177 684 42 684 42 618
1185 653 1339 653 1339 636
2023 606 2023 749 1928 749
1613 1913 1613 1933 1487 1933
1195 1696 1221 1696 1221 1661 1321 1661
234 306 234 309 282 309 282 430 370 430
1494 1098 1494 1083 1622 1083
198 653 51 653 51 491
1923 1149 1901 1149 1901 1098
510 770 510 897 369 897
953 280 875 280 875 289
927 1741 951 1741 951 1884
295 1379 242 1379 242 1440
1931 1226 1937 1226 1937 1193
7 586 7 557 111 557
960 453 1018 453 1018 444
1300 106 1276 106 1276 89
1674 760 1572 760 1572 630
565 2003 471 2003 471 1905
1149 453 1149 500 1198 500 1198 583 1211 583
1317 671 1419 671 1419 579 1441 579
1150 128 1025 128 1025 59
543 1957 571 1957 571 1945 580 1945
360 681 380 681 380 661
1081 1754 1081 1792 1107 1792
541 308 479 308 479 403
1661 455 1622 455 1622 506
990 650 999 650 999 688
210 1422 155 1422 155 1496
563 268 563 187 537 187
82 485 83 485 83 440 118 440
484 1800 379 1800 379 1727
337 1580 388 1580 388 1440 465 1440
111 127 111 214 11 214 11 272
1714 368 1738 368 1738 496
1831 944 1831 809 1728 809
834 1479 834 1334 852 1334
905 1615 879 1615 879 1538
1300 1158 1300 1035 1255 1035
839 1814 839 1892 801 1892
1028 1619 1030 1619 1030 1730 1031 1730
707 620 674 620 674 735
1464 945 1464 966 1557 966 1557 1036 1607 1036
1495 1543 1495 1436 1398 1436
1034 303 1034 351 1065 351 1065 441
367 1541 381 1541 381 1423 472 1423
1526 142 1526 94 1432 94
1310 766 1341 766 1341 645 1461 645
159 931 17 931 17 946
301 803 386 803 386 817
48 1799 22 1799 22 1710
1443 654 1443 685 1397 685
901 372 901 523 768 523
265 1029 241 1029 241 1136
1703 1575 1703 1529 1852 1529
1394 1214 1394 1197 1278 1197
1742 426 1742 569 1604 569
1898 573 1898 420 1984 420
783 2014 896 2014 896 1936
1668 1848 1668 1773 1677 1773
1541 1738 1541 1814 1529 1814
773 1652 623 1652 623 1780
1758 892 1758 936 1672 936 1672 960
1001 194 1003 194 1003 31 1156 31
928 1403 1028 1403 1028 1289 1047 1289
405 847 343 847 343 701
335 1951 497 1951 497 1937
248 740 329 740 329 605
442 2035 474 2035 474 2022 585 2022
551 2019 480 2019 480 2042
937 536 937 668 931 668
1935 176 1935 326 1962 326
1270 976 1227 976 1227 923
1797 1656 1905 1656 1905 1608
1730 844 1726 844 1726 821
1203 1204 1203 1168 1335 1168
1375 1767 1375 1913 1339 1913
1055 208 1055 215 925 215 925 309
1619 1951 1619 1972 1638 1972
1353 943 1395 943 1395 998 1460 998
1068 1084 1072 1084 1072 1128 1091 1128
115 847 166 847 166 833 254 833
918 142 921 142 921 83 941 83
1684 1032 1676 1032 1676 1173
1512 1712 1502 1712 1502 1731
1181 873 1181 881 1224 881 1224 988 1260 988
1673 1314 1631 1314 1631 1276
861 251 902 251 902 105 988 105
1494 1023 1494 926 1427 926
1317 423 1317 388 1201 388
514 441 479 441 479 482
1163 1908 1163 1878 1239 1878
326 590 375 590 375 515
1872 1722 1872 1723 2035 1723 2035 1818
1099 247 1234 247 1234 230
1980 1928 1980 1913 1864 1913
1031 704 1031 711 1150 711 1150 769
1944 973 2012 973 2012 813
1550 150 1533 150 1533 145
532 439 532 538 513 538
1741 1403 1748 1403 1748 1434 1885 1434
590 506 581 506 581 351
1454 796 1454 754 1515 754
534 1844 534 1808 513 1808
408 1256 408 1261 317 1261 317 1326
199 1771 257 1771
1613 1282 1613 1419 1544 1419
1574 887 1481 887 1481 848
1799 935 1799 947 1700 947
743 863 743 892 813 892 813 1007 836 1007
937 1770 838 1770 838 1710
903 1757 903 1803 858 1803
1303 2012 1463 2012 1463 1998
274 1667 312 1667 312 1589 325 1589
974 187 974 265 1044 265
326 1295 326 1330 255 1330 255 1443
4 1396 65 1396 65 1378
1391 892 1395 892 1395 1002 1504 1002
370 1193 434 1193 434 1221
1850 134 1851 134 1851 170 1992 170 1992 264
1527 438 1527 533 1603 533
1909 1602 1957 1602 1957 1722 2012 1722
1311 1516 1335 1516 1335 1496 1400 1496
578 1418 742 1418 742 1270
1297 541 1324 541 1324 579 1366 579 1366 691
11 1349 11 1256 121 1256
1057 361 1057 465 1059 465
558 63 558 28 720 28
1253 457 1253 438 1102 438
381 404 327 404 327 294
453 1338 453 1252 359 1252
502 1603 502 1661 524 1661 524 1727 609 1727
1139 1811 1139 1803 1000 1803
95 871 95 1019 86 1019
1864 600 1864 683 1964 683 1964 695 1988 695
1100 1373 1106 1373 1106 1275 1131 1275
1250 909 1250 1073 1120 1073
43 1346 43 1438 65 1438
159 1898 168 1898 168 1999
1771 382 1771 373 1865 373
493 1782 493 1801 353 1801 353 1872
263 1703 263 1635 353 1635
1915 1001 1937 1001 1937 875 1962 875
493 564 657 564 657 536
159 874 169 874 169 1032
377 1330 441 1330 441 1202
515 462 512 462 512 455
50 1722 64 1722 64 1790
673 172 673 221 746 221 746 239
1598 1339 1607 1339 1607 1232 1760 1232
1587 246 1587 217 1680 217
1695 455 1708 455 1708 539 1846 539 1846 584
1707 105 1707 183 1580 183
175 525 175 504 292 504
341 1801 310 1801 310 1873
1112 642 1102 642 1102 755
1041 1495 941 1495 941 1348
1074 1367 1074 1311 1029 1311
1956 1148 2046 1148 2046 1152
238 641 238 506 335 506
435 488 486 488 486 452 594 452
1909 692 1909 811 2013 811 2013 836 2039 836
605 1989 495 1989 495 1952
378 311 408 311 408 356
1600 5 1618 5 1618 71 1716 71 1716 146
136 1902 136 2042 66 2042
1048 373 1048 483 1145 483
681 561 543 561 543 402
165 836 165 798 217 798
861 1689 862 1689 862 1547 979 1547
712 39 712 106 818 106
1359 1215 1352 1215 1352 1228
51 1561 51 1565 119 1565 119 1691 157 1691
218 859 178 859 178 904
1469 1 1505 1 1505 9
907 332 910 332 910 183
443 1114 475 1114 475 1025
1526 707 1476 707 1476 660
1335 1493 1343 1493 1343 1400
1708 1133 1708 1179 1571 1179 1571 1238
1030 1902 1030 1819 969 1819
535 1141 535 1000 435 1000
1884 1987 2045 1987 2045 1873
1579 272 1581 272 1581 193 1735 193
1090 321 1051 321 1051 431
30 717 30 563 40 563
1989 1842 1989 1731 1946 1731
1140 734 1140 803 1193 803
1230 57 1231 57 1231 129 1303 129 1303 166
2016 1258 2016 1114 1874 1114
1298 1713 1298 1788 1180 1788 1180 1843
1113 1295 1125 1295 1125 1143
1421 877 1373 877 1373 867
1816 1657 1751 1657 1751 1511
880 1597 929 1597 929 1555 953 1555
70 1729 70 1768
152 1784 152 1809 199 1809 199 1819
926 872 925 872 925 734
1623 1943 1632 1943 1632 1827
1717 1344 1717 1187 1649 1187
285 128 412 128 412 101
1389 427 1389 430 1320 430 1320 498
1792 965 1832 965 1832 1007 1862 1007
665 1050 665 998 721 998
1831 1007 1831 1009 1849 1009 1849 1118 1858 1118
1145 1783 1153 1783 1153 1867 1177 1867
28 1799 28 1907 151 1907
308 252 418 252 418 282
1488 1864 1425 1864 1425 1935
517 1776 529 1776 529 1709 616 1709
459 797 491 797 491 736
1901 380 1768 380 1768 493
184 1123 184 1166 126 1166
1840 2012 1840 2023 1714 2023
2041 2037 1906 2037 1906 1989
1534 79 1609 79 1609 49
1260 54 1310 54 1310 94 1416 94
1465 14 1336 14 1336 165
1915 177 1916 177 1916 108 1960 108
609 454 609 494 565 494
419 1918 419 1936 498 1936 498 1959 574 1959
735 1519 735 1646 643 1646
1916 1497 2042 1497 2042 1527
1340 742 1340 634 1492 634
831 715 831 787 968 787 968 793
1183 1415 1226 1415 1226 1481
1048 1709 1080 1709 1080 1825
256 1381 256 1477 210 1477 210 1541
1131 1745 1175 1745 1175 1718 1285 1718
1157 1151 1157 1095 1096 1095
1193 1896 1228 1896 1228 1897
1981 318 1981 182 1917 182
1327 44 1327 76 1234 76 1234 87
1418 611 1418 464 1306 464
785 419 785 442 655 442
1955 357 1955 384 1842 384 1842 438
1548 1397 1556 1397 1556 1321
1917 1931 1917 1851 1866 1851
765 1479 765 1417 668 1417
1323 853 1343 853 1343 975 1368 975
183 567 82 567 82 509
560 868 560 944 481 944 481 992
216 1250 286 1250 286 1210
729 604 729 668 674 668
28 1771 46 1771 46 1651 118 1651
541 1186 533 1186 533 1202
1529 1737 1529 1636
1919 348 1919 229 1925 229
990 1584 990 1532 1011 1532
745 1662 724 1662 724 1641
25 2014 25 1970 144 1970
1446 304 1517 304 1517 318
1851 400 1795 400 1795 405
329 927 328 927 328 805
539 711 506 711 506 596
1759 1096 1759 1157 1828 1157 1828 1207 1858 1207
1579 887 1579 900 1423 900
643 578 643 733 564 733
1196 1377 1196 1255 1132 1255
424 896 433 896 433 762 512 762
384 1275 384 1276 336 1276 336 1410
1634 796 1634 743 1639 743
1476 1304 1455 1304 1455 1467
158 1122 158 1078 244 1078
1426 854 1426 906 1512 906
1580 745 1580 607 1461 607
794 715 794 748 774 748
331 317 382 317 382 371 448 371
1259 1419 1259 1300 1211 1300
1414 190 1461 190 1461 168
662 494 662 342 507 342
956 825 935 825 935 932
1833 1962 1884 1962 1884 1936
246 660 149 660 149 717
35 912 35 903 155 903
76 1151 195 1151 195 1142
1454 5 1385 5 1385 118
547 941 453 941 453 915
778 474 778 572 719 572
357 597 357 544 290 544
1883 999 1974 999 1974 1078 2034 1078 2034 1136
1696 291 1596 291 1596 326
1539 948 1539 802 1377 802
912 1134 854 1134 854 1075
448 1736 470 1736 470 1722 493 1722
942 1652 942 1701 1009 1701 1009 1742
83 1408 83 1537 241 1537
507 276 507 297 436 297 436 392
591 218 476 218 476 192
304 884 304 823 183 823
1721 212 1557 212 1557 237
1876 1467 1801 1467 1801 1567
1679 1906 1671 1906 1671 1842
1333 1378 1346 1378 1346 1400
1915 1320 1915 1336 1957 1336 1957 1434
703 761 662 761 662 694
1640 734 1640 630 1697 630
258 1801 199 1801 199 1702
1176 393 1186 393 1186 261 1290 261
1184 1769 1226 1769 1226 1836 1257 1836 1257 1862
1041 558 1100 558 1100 608 1176 608 1176 632
1551 947 1551 1024 1413 1024 1413 1076
177 1215 177 1179 38 1179
1880 531 1880 599 1817 599
2014 1260 2014 1324 1983 1324
1909 1673 1914 1673 1914 1763
1790 1566 1771 1566 1771 1551
1680 1453 1680 1292 1543 1292
1363 979 1363 1020 1350 1020 1350 1131
536 1478 547 1478 547 1406
1632 666 1611 666 1611 721
1408 1543 1421 1543 1421 1385 1454 1385
1057 595 1057 729 1130 729 1130 753
169 1246 169 1257 94 1257 94 1308
1738 1608 1726 1608 1726 1673
626 126 691 126 691 136
992 700 992 744 1056 744 1056 828
1342 856 1342 937 1278 937
1963 154 1963 150 2029 150
1927 1681 1858 1681 1858 1718
963 110 959 110 959 244
1119 882 1119 942 1159 942 1159 1011
1896 580 1896 634 1818 634 1818 737
1034 158 1034 149 901 149
1353 101 1353 89 1452 89
1177 1992 1189 1992 1189 1892 1279 1892
381 318 306 318 306 329
2007 1481 2007 1579 2004 1579 2004 1624
1851 208 1851 334 1834 334
1473 1521 1461 1521 1461 1549
312 372 312 433 327 433
1870 633 1866 633 1866 513
409 1295 412 1295 412 1396
637 1296 658 1296 658 1407 769 1407 769 1423
873 410 873 412 712 412 712 431
818 904 825 904 825 951 968 951
1121 1526 1121 1654 1047 1654
939 1143 856 1143 856 1155
720 823 720 824 867 824 867 950
1418 585 1411 585 1411 651
1290 1118 1290 1151 1177 1151 1177 1246
777 1981 777 1908 668 1908
503 1962 503 1883 422 1883
1319 1846 1307 1846 1307 1932
1237 1285 1237 1254 1385 1254
1268 1324 1350 1324 1350 1329
427 850 427 736 508 736
72 1096 142 1096 142 1158 186 1158
325 631 325 661 190 661 190 733
421 203 450 203 450 186 523 186
946 791 957 791 957 872 978 872
506 1670 361 1670 361 1671
373 52 383 52 383 66
90 1827 90 1701 121 1701
1098 1188 1096 1188 1096 1058
1414 1911 1414 1854 1321 1854
2019 1637 2014 1637 2014 1690
1332 829 1341 829 1341 975
1370 1341 1433 1341 1433 1183 1521 1183
1704 697 1704 606
816 641 922 641 922 668
384 790 385 790 385 753 437 753
1258 849 1248 849 1248 885
1807 1166 1651 1166 1651 1128
1875 288 1875 363 1865 363
600 360 600 208 612 208
1792 1420 1890 1420 1890 1441
1368 1638 1337 1638 1337 1610
1623 1385 1641 1385 1641 1519
1232 452 1234 452 1234 585 1264 585
1077 1014 1077 1094 975 1094 975 1173
654 276 628 276 628 214
610 876 719 876 719 880
1029 1694 991 1694 991 1658
51 223 32 223 32 341
201 1765 268 1765 268 1779
479 1143 480 1143 480 1243
1245 44 1245 74 1160 74 1160 147
68 1664 85 1664 85 1813 172 1813
1911 1419 1911 1450 1866 1450
604 314 604 336 733 336
1932 1289 1932 1296 1774 1296 1774 1425
1019 1624 1019 1590 911 1590
264 262 302 262 302 158 423 158
727 1610 782 1610 782 1658 870 1658 870 1765
1472 343 1472 278 1370 278
356 347 356 204 498 204
988 811 988 841 1059 841
736 564 736 571 624 571 624 609
995 1177 983 1177 983 1154
1655 1885 1655 1739 1557 1739
1138 1999 1181 1999 1181 1842 1224 1842
1660 508 1647 508 1647 479
625 2039 625 1893 593 1893
402 1140 402 1086 291 1086
1180 1922 1062 1922 1062 1811
2036 1015 2036 1142 1989 1142
1428 436 1533 436 1533 356
1021 865 1021 753 1045 753
1358 1871 1463 1871 1463 1885
449 1919 449 1808 288 1808
1364 1469 1364 1375 1216 1375
630 153 713 153 713 135
377 652 384 652 384 763
505 80 505 99 575 99 575 162 620 162
222 62 244 62 244 94 355 94 355 113
625 1189 681 1189 681 1033 739 1033
964 896 1036 896 1036 899
1022 1433 1061 1433 1061 1432
1915 997 1915 923 1909 923
1517 2023 1605 2023 1605 1923
1950 1335 1950 1308 1886 1308
432 209 432 71 286 71
1402 507 1402 663 1401 663
1926 186 1815 186 1815 182
330 42 303 42 303 29
1034 211 1119 211 1119 232 1179 232
737 27 726 27 726 34
239 278 283 278 283 428 338 428
256 1586 328 1586 328 1430 336 1430
1142 1437 1177 1437 1177 1448 1207 1448
1723 371 1723 385 1576 385 1576 462
303 353 303 295 404 295
1703 22 1714 22 1714 20
1971 871 1971 872 1908 872 1908 907
1112 188 973 188 973 75
1331 988 1364 988 1364 1009 1476 1009
1031 1652 1096 1652 1096 1575 1111 1575
511 1969 511 2047 354 2047
678 63 637 63 637 1
824 1611 970 1611 970 1591
1984 1919 1984 1756 1825 1756
1447 1276 1606 1276 1606 1284
1432 1337 1411 1337 1411 1274
690 138 767 138 767 119
569 1418 569 1334 721 1334
868 1141 868 1273 838 1273
1459 1994 1589 1994 1589 1866 1606 1866
1755 971 1755 1072 1873 1072 1873 1084
1787 1963 1787 1981 1886 1981
1374 22 1374 70 1384 70 1384 181 1419 181
367 486 367 496 497 496 497 533 515 533
1403 597 1403 563 1487 563
694 1546 694 1486 798 1486
982 15 982 28 865 28 865 72
324 239 253 239 253 125
280 1235 280 1189 385 1189
1118 1888 1119 1888 1119 1885
1707 1587 1707 1443 1677 1443
1687 350 1586 350 1586 504
1151 1825 1151 1826 1075 1826 1075 1914
1351 1025 1351 1167 1476 1167
1684 1453 1718 1453 1718 1344 1752 1344
367 470 368 470 368 489 520 489 520 511
1591 1358 1591 1476 1514 1476 1514 1509
684 62 684 100 560 100 560 127
1686 1671 1688 1671 1688 1773
289 1232 304 1232 304 1148
592 2007 592 1988 500 1988
460 1446 599 1446 599 1473
871 615 877 615 877 552 1012 552
1860 870 1860 853 1905 853
53 1764 53 1798 72 1798
428 339 428 350 466 350 466 455 485 455
1540 1440 1540 1382 1488 1382
458 221 458 271 489 271
13 476 13 391 167 391
1216 1803 1225 1803 1225 1850 1256 1850
655 1149 611 1149 611 1113
504 1468 504 1474 661 1474
1251 689 1254 689 1254 787 1276 787 1276 812
138 801 138 638 155 638
580 738 580 879 620 879
1419 994 1419 898 1314 898
1264 137 1185 137 1185 88
218 896 218 905 160 905 160 955
1974 409 1974 377 2007 377
1989 124 2025 124 2025 200
505 1254 505 1184 640 1184
1958 1265 1818 1265 1818 1276
231 197 231 76 82 76
1677 1816 1677 1821 1588 1821 1588 1867
984 1603 863 1603 863 1591
1387 1095 1387 1134 1522 1134 1522 1184
1308 631 1318 631 1318 484
654 1491 689 1491 689 1613 696 1613
1805 0 1942 0 1942 11
723 1733 723 1816 827 1816 827 1860 865 1860
1290 704 1299 704 1299 716
1390 559 1390 582 1240 582
536 1460 536 1525 615 1525 615 1543
244 1713 252 1713 252 1622
1489 1727 1489 1848 1371 1848
1301 835 1301 880 1203 880
1633 1658 1671 1658 1671 1554
1014 308 1024 308 1024 416
1737 1325 1778 1325 1778 1353 1878 1353
1759 973 1808 973 1808 919
596 52 612 52 612 154 701 154 701 176
1706 494 1706 603 1698 603
1819 1573 1734 1573 1734 1544
1151 1368 1200 1368 1200 1217 1212 1217
1131 1583 1133 1583 1133 1488
911 1995 949 1995 949 1941
1467 1878 1467 1894 1476 1894 1476 1985 1603 1985
714 1268 714 1397 607 1397
1219 265 1219 306 1288 306 1288 342 1376 342
1310 1557 1327 1557 1327 1476
672 554 673 554 673 715 768 715
412 6 258 6 258 128
1534 1778 1376 1778 1376 1797
1103 249 1103 344 1077 344
807 1123 807 1240 920 1240
162 1452 162 1524 233 1524
97 180 97 208 184 208 184 271 214 271
1560 130 1560 202 1403 202
1317 2015 1226 2015 1226 1897
334 900 334 791 184 791
644 201 644 304 608 304
1835 59 1851 59 1851 99 1869 99
267 1435 310 1435 310 1427 336 1427
882 827 882 980 837 980
2031 1084 2032 1084 2032 1170
252 598 288 598 288 735
334 1470 416 1470 416 1513
1579 438 1619 438 1619 483
946 716 873 716 873 772
635 1450 625 1450 625 1443
1307 84 1307 98 1210 98
1790 1274 1791 1274 1791 1257 1891 1257
1529 1362 1599 1362 1599 1364
1196 590 1196 690 1253 690
354 1137 255 1137 255 982
497 1248 497 1310 657 1310 657 1337
1207 836 1071 836 1071 967
1196 66 1196 13 1350 13
1567 101 1567 203 1428 203 1428 255
75 578 81 578 81 570
901 63 901 122 770 122 770 209
37 213 108 213 108 60 172 60
1630 1612 1630 1546 1513 1546
899 1356 899 1288 882 1288
563 819 563 925 494 925
1859 293 1859 199 1705 199
1467 10 1476 10 1476 153
465 1881 465 1829 400 1829
1981 1077 1981 985 1952 985
135 582 115 582 115 541
1289 226 1289 192 1347 192
1589 1624 1703 1624 1703 1584
1250 1181 1230 1181 1230 1079
1627 1305 1627 1340 1471 1340 1471 1418
158 1852 8 1852
1795 285 1765 285 1765 169
757 987 769 987 769 1039 813 1039
196 809 196 726 115 726
1941 1934 1955 1934 1955 1904
1972 1072 1972 1093 1894 1093 1894 1101
1671 74 1671 119 1615 119
1876 247 1877 247 1877 349 1983 349 1983 355
1017 1681 1017 1557 890 1557
991 903 991 1020 1015 1020
1883 46 1883 116 1895 116 1895 192
84 1782 84 1799 71 1799 71 1824
1315 1601 1389 1601 1389 1718 1443 1718
606 681 505 681 505 607
1477 931 1459 931 1459 1000
937 1161 950 1161 950 1052 983 1052
1405 1990 1405 2020 1283 2020
1056 1251 1130 1251 1130 1157
1898 101 1898 124 1739 124 1739 200
1768 672 1768 738 1719 738
714 1504 714 1546 693 1546
1150 1597 1150 1568 1003 1568
1603 35 1610 35 1610 110 1689 110
1613 885 1613 808 1594 808
1339 325 1339 232 1279 232
679 181 679 198 787 198 787 233 816 233
1880 335 2029 335 2029 238 2044 238
