2048 2048
2048
1091 1790 1075 1801
121 1481 153 1591
1863 1788 1825 1836
1493 690 1374 613
800 1370 863 1283
1167 182 1206 142
1069 153 1014 232
1 23 41 84
487 1149 438 1038
407 1473 354 1481
506 531 414 490
675 1361 660 1240
1499 1492 1502 1610
912 1927 962 1898
686 940 724 961
1195 679 1305 752
494 1773 509 1670
1921 166 1942 118
1020 1876 1127 1939
365 526 306 574
1181 1257 1173 1216
38 1030 61 1032
675 1954 641 1889
1209 1272 1293 1347
820 1248 795 1134
1092 1309 1085 1197
1060 1877 1008 1803
499 366 448 255
664 435 632 314
185 1690 73 1642
479 24 410 93
1063 1235 1190 1263
1441 1853 1477 1881
527 503 558 628
398 1260 292 1227
1410 560 1292 567
1236 277 1127 196
1726 835 1603 871
0 800 82 713
551 585 629 663
1314 422 1421 340
1667 1882 1585 1926
1111 1330 1132 1317
1785 267 1864 318
1132 656 1105 547
623 1744 588 1741
121 960 118 961
1113 1936 1112 1811
641 20 747 10
491 1709 541 1726
803 1600 741 1522
1955 126 1927 170
463 1995 498 1913
1641 745 1743 852
1535 1148 1547 1269
1893 1356 1921 1233
1891 1317 2006 1311
109 837 52 850
1336 204 1211 161
73 699 22 717
1147 2037 1231 1969
1272 317 1229 434
149 113 233 41
698 1709 589 1581
955 993 905 1090
97 1265 102 1175
1733 1247 1817 1178
911 1875 796 1820
1419 1311 1377 1203
1212 1197 1221 1153
1775 717 1890 756
1485 1998 1425 1883
1415 754 1421 846
1044 1114 1027 1169
64 175 184 48
671 975 652 931
1404 1140 1399 1020
1681 1905 1689 1824
1854 1396 1758 1514
276 1440 193 1545
1128 420 1143 445
939 1522 880 1603
1400 1295 1292 1318
110 240 127 211
1822 1710 1715 1782
1616 395 1653 348
900 174 971 269
1047 1250 1132 1362
1783 1504 1777 1525
955 1214 1041 1245
99 789 177 838
1451 610 1325 674
292 359 180 279
800 719 835 833
41 1920 105 1968
236 1295 231 1228
1893 982 1851 1060
2044 603 1941 516
1882 1919 1928 1845
1649 191 1552 194
405 35 359 127
744 474 754 458
790 2025 698 2004
1622 180 1720 301
197 379 206 327
250 1135 152 1097
1529 1284 1644 1382
1273 1954 1214 2016
1914 528 1856 536
499 1218 508 1148
706 1778 788 1691
1289 728 1322 686
655 919 576 802
549 1524 466 1532
161 1259 47 1366
1706 525 1615 470
1548 196 1490 159
1698 1244 1598 1184
1262 577 1263 701
1142 1882 1185 1767
241 1235 169 1346
1556 1258 1478 1309
341 546 403 464
1958 135 1976 245
1504 848 1542 913
56 1153 175 1151
549 1826 567 1916
1318 1306 1283 1276
1239 87 1142 15
1283 1171 1322 1079
1298 60 1408 25
938 551 936 481
1977 640 1889 584
1394 1922 1421 1952
1324 1167 1328 1266
815 462 843 353
768 351 848 354
356 990 350 1052
406 627 373 565
304 1580 389 1617
1263 1103 1233 997
1650 1105 1673 1139
36 827 133 882
366 1106 486 985
1549 358 1431 290
163 42 283 26
1700 1715 1737 1730
1232 1744 1352 1651
964 1338 1044 1366
648 823 712 853
1419 923 1430 1017
279 1076 201 972
2036 1384 1954 1326
706 1390 683 1517
1874 1578 1770 1464
592 989 533 1064
230 442 202 529
1911 803 1893 930
1626 294 1618 297
1467 330 1522 417
193 1785 82 1870
1610 1895 1653 1801
543 1594 605 1644
1477 164 1437 193
854 1884 796 1771
191 1947 138 1825
656 1037 550 1163
1354 615 1461 518
68 1604 181 1540
1564 365 1649 434
1625 373 1651 304
715 742 812 665
1241 1891 1263 1920
456 1459 516 1468
476 1404 522 1383
965 754 845 648
902 1436 987 1311
1698 790 1669 712
646 1054 614 926
1479 1573 1555 1508
370 515 254 406
1658 583 1690 662
1852 96 1946 67
338 214 427 103
632 470 618 460
1220 640 1196 589
794 75 875 177
785 276 730 288
1399 466 1449 371
825 272 930 280
191 1956 311 1923
1386 747 1370 715
1980 1705 1917 1704
671 1644 638 1630
202 1138 210 1216
97 1142 143 1263
1334 1648 1330 1637
1249 1235 1278 1151
234 799 173 879
457 5 494 111
494 1428 411 1396
1892 868 1971 877
990 22 913 140
1845 2042 1962 1953
272 1652 348 1609
548 195 425 108
274 202 319 178
941 714 1028 683
1311 416 1196 320
1484 2018 1610 2015
1156 1212 1236 1147
1465 15 1394 102
1695 1526 1677 1403
547 849 672 813
819 1770 789 1719
1861 1624 1948 1523
957 1218 1018 1326
990 1495 1075 1491
1413 140 1458 105
329 463 343 345
306 1542 273 1627
1794 861 1867 910
73 1731 30 1623
422 990 501 917
1892 171 1919 161
1742 1359 1758 1251
1993 886 2033 970
37 1336 28 1420
1325 1131 1445 1030
809 1317 935 1252
912 281 894 378
1964 2032 1986 1990
1657 35 1744 62
1183 724 1229 694
1996 140 1884 66
1742 1174 1833 1185
1475 1433 1448 1426
1949 1182 1918 1078
47 245 61 226
693 61 655 15
1893 38 1848 148
875 375 954 364
1302 75 1342 14
480 1734 445 1716
238 1325 271 1237
714 165 726 110
834 23 786 75
532 1539 463 1422
892 1724 794 1670
1457 1460 1377 1509
128 1075 72 955
1734 1530 1789 1523
1294 1236 1372 1260
96 1055 139 959
1420 1946 1380 1838
1062 319 956 314
973 1209 1045 1187
209 732 140 690
1244 1561 1254 1648
1930 2019 1860 1953
270 665 330 564
205 1885 88 1962
194 353 218 263
1443 812 1545 908
1204 508 1086 507
1395 175 1482 99
728 1217 683 1127
612 468 688 592
1308 958 1322 934
202 554 221 454
1373 1232 1349 1131
1819 641 1817 525
619 1673 718 1714
2041 679 1968 558
1358 1005 1379 1092
510 1915 632 1829
1107 1846 985 1772
1503 731 1545 808
8 1966 65 1845
1844 1055 1798 1070
1278 634 1272 520
871 1446 881 1432
720 1657 722 1707
1950 281 1961 329
1213 1283 1216 1285
1058 1778 943 1672
1486 288 1409 409
1882 1458 1981 1506
655 1118 755 1040
43 1423 105 1551
1131 1238 1090 1236
68 317 97 313
782 684 758 648
14 1121 15 1088
940 562 1067 482
1456 884 1405 872
989 1688 1106 1774
1510 585 1446 627
95 13 86 94
208 700 314 713
1798 259 1783 279
1499 1591 1498 1568
1313 1812 1392 1749
678 1024 592 1085
543 783 652 872
1330 332 1307 212
540 867 427 800
1839 163 1850 167
1069 1476 1170 1446
126 86 165 214
490 664 381 618
464 788 579 770
568 359 503 319
1868 1742 1806 1825
2000 1965 1936 2021
1494 1796 1600 1672
804 1061 681 1147
1927 1827 1846 1793
892 1348 874 1244
2000 563 1872 509
1183 1101 1252 1127
2009 914 1995 904
405 1158 408 1194
417 1576 437 1570
196 1024 137 1014
1040 1655 1125 1537
1336 1191 1308 1255
1922 1436 1799 1531
1277 705 1390 667
1392 646 1281 606
384 1484 363 1518
813 166 940 105
1793 533 1910 540
907 1396 872 1459
822 1624 934 1546
1334 1980 1356 1995
1083 680 1133 799
1509 1664 1484 1625
1482 1571 1535 1506
196 1019 248 931
1640 1077 1627 1129
1423 993 1526 1016
1694 1573 1599 1515
30 1830 146 1889
1498 456 1515 428
1824 1434 1848 1532
45 1021 100 972
863 1583 895 1503
1394 1921 1270 1924
1178 1509 1071 1389
1939 1717 1905 1705
387 1849 325 1773
1531 443 1442 372
14 575 76 600
1525 196 1428 218
1511 1267 1582 1346
285 266 329 303
1176 1429 1181 1454
823 520 778 612
739 1145 815 1249
1343 1855 1294 1900
1649 1595 1562 1608
766 219 701 115
1866 1544 1937 1601
1043 653 1059 716
1248 176 1163 169
1809 918 1795 929
1597 359 1537 408
1230 1012 1136 962
491 1642 488 1613
21 407 28 323
1898 729 1985 737
1023 333 1000 446
261 1375 247 1492
1243 704 1191 645
1575 674 1479 653
1198 1994 1112 1894
1695 1398 1694 1509
1826 1170 1922 1295
955 1683 970 1601
406 200 286 153
934 1565 824 1491
927 1667 922 1589
205 87 86 78
2024 877 1973 932
1347 1412 1235 1415
64 550 158 677
106 872 99 810
47 830 154 862
1875 1543 1961 1525
390 830 283 955
1677 502 1726 427
710 1583 682 1578
791 2001 789 1899
1789 291 1737 220
1953 1299 1969 1229
90 133 15 21
1843 1698 1725 1602
1861 1293 1809 1310
856 81 761 131
848 684 950 805
1369 1252 1294 1282
1252 1273 1127 1262
386 1450 432 1549
2017 257 2029 252
818 669 904 680
173 1087 177 1183
1685 904 1560 798
664 582 692 476
1856 1656 1971 1550
320 411 231 484
494 1125 381 1151
543 357 474 256
1937 988 1824 1009
2002 473 2041 349
491 742 437 709
1239 1696 1310 1801
431 1323 421 1399
2002 319 1951 200
1041 1693 1051 1609
1477 728 1401 612
154 978 254 1071
424 68 550 52
70 451 66 369
528 467 443 527
1758 825 1862 769
980 1185 873 1137
1032 721 946 747
1577 2032 1654 1963
1232 760 1121 810
1935 1093 1968 1004
1846 1905 1769 1950
507 1427 524 1347
179 1804 268 1862
1837 478 1908 368
1812 843 1711 879
490 1504 602 1533
613 925 485 810
191 638 203 643
790 999 710 935
1527 44 1449 66
504 1478 569 1512
806 1361 871 1480
846 632 735 619
1360 1613 1386 1681
1562 574 1511 664
1158 125 1141 42
999 841 907 723
535 649 532 658
1415 1706 1524 1719
452 1896 362 2020
365 1186 459 1290
5 1663 50 1704
1085 118 1049 237
3 716 34 613
1843 1684 1930 1720
1941 709 1918 807
1787 1676 1794 1779
648 844 636 758
1608 200 1493 225
585 1875 673 1967
32 510 18 511
1126 1504 1021 1544
747 1029 669 1027
2027 466 2000 562
968 847 1002 868
1969 970 1961 935
1496 1905 1501 1872
62 1313 81 1368
1476 1839 1571 1835
12 1160 135 1164
1688 36 1614 12
1619 1163 1627 1151
1268 1129 1343 1213
1517 1337 1392 1308
916 750 925 736
1892 899 1784 1020
1205 1898 1219 1980
32 1277 124 1223
1038 360 1129 410
554 38 467 90
60 1581 90 1546
149 226 119 123
583 793 509 794
1376 512 1408 538
1090 355 984 375
621 1524 693 1407
1144 1690 1216 1793
1717 1398 1615 1413
1146 1783 1273 1781
405 1588 410 1601
177 1632 261 1698
1167 122 1274 119
746 1686 769 1755
1079 895 1071 902
1909 1268 1983 1334
929 473 931 425
698 639 764 697
513 1611 603 1566
1132 371 1255 357
136 1897 147 1991
389 19 338 116
511 1154 613 1138
400 86 329 206
1796 918 1879 823
453 399 419 323
1801 526 1840 634
150 564 200 497
1360 1922 1312 2008
703 1482 737 1491
802 1805 775 1762
33 1769 124 1871
272 1570 180 1599
252 1129 210 1157
1915 583 1823 551
63 715 66 792
257 629 268 748
1555 368 1564 455
758 96 679 48
154 84 220 201
740 1591 738 1498
1517 462 1455 510
215 963 299 1028
1669 673 1660 736
1010 157 1016 215
505 1902 484 2003
600 202 488 117
1979 98 1896 37
1526 544 1561 592
1984 162 1920 189
996 1090 1028 1067
1649 938 1524 897
1869 1092 1874 1051
343 1987 281 1907
1041 834 987 832
253 901 194 818
668 160 640 258
441 1073 347 993
1446 478 1354 403
1732 955 1713 915
13 1926 87 2024
1196 1395 1068 1463
725 173 682 177
1045 540 1056 541
1305 748 1386 784
1799 1102 1797 1051
591 474 714 440
260 542 300 430
1472 1933 1421 2001
1965 1613 1889 1552
733 46 637 149
1111 1174 1083 1252
514 1206 429 1293
1982 347 1997 260
1022 1404 1093 1348
1504 1537 1376 1448
1697 1905 1778 1908
576 755 525 685
1530 196 1492 255
1921 1727 1936 1767
792 481 730 357
1113 694 1231 635
1694 984 1792 886
1319 859 1343 903
1424 81 1312 109
1709 1527 1827 1535
1787 1203 1799 1244
541 1906 653 1903
1661 1105 1559 980
1009 1986 959 1902
373 251 466 169
376 722 349 706
603 1158 588 1117
1337 2034 1375 2038
1518 1192 1513 1298
1193 1748 1261 1795
567 1776 547 1734
649 1018 703 907
1121 526 1070 556
764 801 793 813
111 198 16 196
523 1182 441 1269
985 141 963 229
828 294 947 399
1056 1243 1161 1152
1052 1058 1145 1021
508 1793 519 1881
655 1376 535 1458
1035 1502 1034 1423
198 1296 272 1312
921 1370 804 1460
1462 1555 1456 1665
237 1876 314 1803
1028 36 935 116
204 290 270 279
1396 146 1437 107
470 192 588 271
1630 636 1584 700
1335 1916 1413 1859
557 376 633 318
580 280 495 353
943 377 893 491
386 1321 479 1344
1473 1300 1374 1414
1619 757 1569 813
838 1241 789 1342
1320 1580 1268 1652
527 906 596 879
976 485 910 445
1816 1670 1702 1721
1474 317 1451 332
134 2008 101 1975
536 384 644 463
1570 636 1473 731
651 1353 728 1389
659 381 545 498
1304 679 1370 560
1937 454 1828 459
778 1120 879 1087
1068 1919 1105 1967
1242 168 1198 127
564 1780 474 1681
2021 342 1911 415
1637 167 1698 221
1761 1837 1698 1925
1555 364 1522 385
1299 1407 1302 1288
0 298 5 374
2012 1169 1922 1230
51 129 151 112
1699 1122 1758 1146
1181 21 1217 21
869 1984 946 2025
1901 925 1776 905
177 878 122 799
1602 30 1570 116
916 433 934 462
1878 54 1834 122
565 1701 572 1750
1397 1046 1293 950
1021 204 1045 126
169 1261 287 1358
1167 306 1216 392
1877 891 1752 804
1251 529 1371 594
1674 23 1606 6
1564 1973 1542 2001
274 1661 374 1541
1535 473 1431 567
1056 393 1038 441
1949 568 1824 563
1329 1225 1453 1350
1783 1382 1868 1302
134 857 232 801
1975 603 1849 612
1395 991 1308 1098
1859 852 1798 857
187 845 311 740
1399 95 1331 100
1215 1557 1120 1531
873 598 829 689
1511 1334 1568 1304
1157 464 1190 512
1742 2003 1697 1978
1590 1393 1474 1421
728 1744 852 1827
1276 1162 1389 1100
1511 304 1519 392
1832 1731 1893 1859
1117 1434 1179 1425
1322 1399 1398 1305
422 1512 399 1530
1992 1682 2010 1597
1171 371 1158 433
1940 961 1886 1067
1562 47 1475 57
152 1875 96 1890
1344 1650 1457 1673
846 1214 722 1226
2002 1564 1944 1512
1402 1292 1296 1294
33 2003 136 1926
668 482 719 522
1410 1154 1409 1125
786 551 903 434
1026 1524 1131 1401
612 639 686 588
899 204 906 242
1104 366 1176 316
1196 1311 1244 1199
238 437 292 501
797 687 807 627
234 1011 262 1111
1966 633 2028 713
295 871 206 822
1370 319 1285 356
1913 765 1980 656
878 814 908 871
1388 1095 1357 1045
696 632 660 748
530 711 536 701
613 95 692 172
136 220 13 243
16 1293 120 1316
2038 880 1987 767
761 1101 824 981
1623 185 1670 148
638 261 519 378
345 1675 430 1672
255 1866 366 1769
1884 459 1958 502
861 1823 944 1867
1062 1124 1105 1224
765 1258 740 1149
1717 222 1778 257
1134 1158 1180 1260
750 265 732 257
1294 964 1261 853
1573 1742 1580 1695
534 206 463 143
907 1467 876 1545
552 1184 621 1153
1414 410 1458 536
1090 1400 1007 1484
1892 1908 1839 1896
916 290 966 230
1882 428 1855 403
906 343 805 469
604 1700 532 1806
352 1883 433 1920
1053 875 1087 950
711 1323 751 1276
1407 1132 1292 1173
174 1542 221 1557
1038 1551 944 1632
1214 1594 1145 1710
1825 1761 1837 1736
374 248 414 187
572 53 449 167
1073 1492 1051 1482
1544 1184 1643 1211
1442 560 1449 532
1099 1008 1170 981
496 1290 382 1411
974 1499 853 1572
1833 897 1948 927
383 171 348 145
1925 1176 1875 1160
466 1975 411 1962
1712 1423 1799 1366
1891 130 1917 186
274 1434 284 1332
686 103 718 150
1926 1319 1921 1348
947 1317 840 1288
1102 1880 1094 1855
794 1884 708 1843
1805 647 1709 534
23 629 141 705
503 51 580 73
640 1633 567 1588
1373 729 1434 651
1692 1555 1646 1505
1933 1621 1985 1611
1357 665 1415 710
947 1011 1067 1096
589 1080 666 1061
1498 1445 1548 1382
1176 241 1156 150
148 1494 140 1601
1478 9 1444 126
756 710 746 743
1073 1885 1096 1768
1810 234 1729 338
1645 101 1606 17
1919 1390 2018 1347
282 307 159 348
1171 89 1103 213
1793 1454 1739 1364
102 814 211 763
681 538 577 597
185 1889 313 2012
1989 1550 1956 1521
557 662 659 570
92 469 212 361
1194 1134 1095 1037
1698 928 1583 919
1195 1011 1321 1023
623 1291 555 1304
48 1441 159 1547
255 1507 166 1438
567 436 615 337
546 533 483 536
1742 1661 1692 1700
1560 1969 1442 1970
592 1882 479 1943
861 684 925 572
843 1498 832 1370
1969 801 1861 921
1720 575 1630 559
587 670 462 565
28 1335 107 1259
987 623 945 668
711 1536 799 1439
1975 851 1990 868
1466 1190 1454 1077
197 1464 253 1568
386 1904 371 2005
442 144 333 105
617 1753 591 1854
479 490 412 600
677 1673 616 1785
1209 113 1233 191
401 1088 419 1001
1481 1507 1380 1434
1097 1256 988 1163
1174 813 1074 885
1650 1167 1564 1248
867 286 875 265
1841 1578 1875 1678
57 456 48 423
396 434 400 361
1819 1143 1729 1150
1666 809 1591 716
1742 1236 1746 1237
785 803 836 687
1377 1910 1432 1783
351 667 305 617
1075 120 999 149
1239 2043 1140 1969
64 694 91 613
290 825 379 818
688 226 626 190
1730 990 1850 1111
340 236 400 163
1818 9 1860 131
603 1634 574 1524
1177 1077 1206 1013
2005 831 2017 808
1088 1065 1095 1157
1886 1397 1949 1459
1871 122 1860 41
207 219 301 293
1735 1885 1687 2013
695 102 701 69
1835 362 1908 431
1703 1849 1703 1857
1038 381 967 443
1608 230 1550 312
275 1722 298 1704
685 1740 580 1770
616 1098 647 1023
304 465 241 537
2047 728 1985 601
959 1480 1022 1362
327 735 430 644
522 1742 617 1756
741 1729 797 1773
1 1876 61 1849
1095 86 1117 185
1517 1817 1584 1931
213 1652 226 1656
1084 497 1152 580
2018 1839 1928 1887
1743 1199 1669 1267
1664 545 1772 557
1178 294 1051 167
101 1710 91 1671
1239 23 1169 144
351 1603 391 1649
1649 412 1524 501
721 1351 651 1341
1853 1286 1912 1214
604 76 654 100
1995 953 2035 936
1929 280 1910 388
1231 1228 1133 1117
1612 955 1661 1070
613 737 650 812
834 752 869 674
1085 817 1211 887
1529 100 1451 214
742 1050 863 1117
52 328 26 211
291 1335 334 1400
1574 554 1476 565
1584 929 1536 908
1839 1321 1966 1426
824 1443 716 1517
584 46 535 134
333 772 316 684
1281 1215 1258 1203
1847 373 1970 246
757 709 710 790
1308 39 1404 66
57 216 34 103
1713 369 1681 243
589 1737 710 1863
1956 602 1957 529
948 177 1039 133
373 1396 281 1376
1388 1530 1290 1460
825 1484 840 1513
1022 1265 1085 1339
1824 333 1949 442
1836 984 1933 916
1096 598 1103 563
912 1862 834 1974
1833 791 1706 684
954 1615 1043 1555
791 404 763 400
1338 2002 1345 1907
303 91 395 167
2029 286 1917 347
713 1814 777 1717
303 790 405 663
742 1230 716 1219
1311 1128 1367 1052
1780 515 1666 567
1944 587 1875 504
837 1476 932 1374
1256 498 1325 448
1511 697 1585 717
1822 1522 1737 1603
1787 437 1859 468
1249 529 1184 460
181 116 135 137
1360 1789 1232 1732
1372 1471 1244 1512
639 2 561 90
1142 1676 1017 1780
243 204 152 254
1948 149 1844 76
1475 1420 1601 1427
1994 1990 2016 2018
1541 1397 1499 1405
1757 2019 1836 2022
946 263 947 344
1776 1069 1848 956
403 1613 315 1619
963 1911 1077 1812
1156 178 1264 174
1400 179 1366 181
2 860 9 916
294 1136 179 1226
1944 152 1985 237
1665 1047 1661 1043
1110 1803 1024 1679
1274 865 1182 978
1456 795 1356 669
1148 1661 1275 1589
833 1684 818 1657
925 1650 964 1625
1978 62 1897 105
1966 1288 1875 1196
1341 1802 1423 1866
1395 1913 1337 2039
211 282 197 363
1202 303 1240 383
895 1822 901 1943
686 2025 724 2012
600 867 716 740
1877 479 1803 437
1936 363 1837 450
952 385 895 503
905 995 993 1081
1079 1267 1181 1267
1436 1820 1309 1809
1027 1187 967 1150
1576 1332 1670 1281
1517 394 1564 402
1190 215 1166 174
633 1003 736 1013
1873 1421 1827 1490
226 356 132 302
457 608 351 480
668 1148 695 1215
1287 352 1259 272
1998 1551 1915 1631
223 1243 221 1354
1848 2026 1736 2045
549 1491 610 1476
1963 1366 1909 1385
63 287 66 350
1169 1073 1130 949
94 851 90 956
1525 1154 1400 1027
1921 615 1928 522
871 149 892 102
1609 310 1569 203
493 309 432 434
1153 476 1183 447
1005 1412 921 1317
1339 1136 1446 1042
1062 835 1157 946
1434 1140 1414 1196
358 1351 395 1261
1239 1907 1228 2002
186 750 100 687
105 123 163 62
1947 633 1971 709
1278 80 1318 204
222 855 237 851
1854 502 1934 581
1322 496 1226 370
1713 684 1768 777
1512 282 1462 365
575 454 644 389
1294 753 1281 725
126 1747 227 1837
1574 1900 1535 1912
1345 32 1381 94
314 302 213 265
2031 1049 1933 1053
1217 810 1105 853
431 30 355 139
785 299 781 330
391 421 497 532
1380 223 1259 244
2026 489 1927 608
792 676 678 622
415 1678 360 1655
1374 1961 1479 1900
391 206 274 250
192 435 122 351
409 1145 350 1099
823 914 748 800
1908 1549 1851 1539
1299 1812 1358 1792
1944 303 1824 244
1129 1803 1026 1759
867 1581 886 1658
1305 117 1311 173
165 1039 288 1080
691 115 768 138
366 216 403 249
892 262 978 146
699 1564 642 1439
977 1527 993 1617
556 1834 674 1746
876 1241 967 1311
735 1165 830 1082
1451 958 1563 851
1424 164 1541 197
313 166 224 111
1853 550 1786 624
861 1159 985 1149
1415 230 1529 161
1639 1368 1675 1446
1887 1916 1762 1804
1560 1677 1598 1565
595 1326 622 1376
322 829 240 728
1827 576 1941 576
513 2021 489 1966
1822 1932 1736 2031
984 1542 947 1520
2047 1322 2045 1237
85 504 146 416
1916 118 1920 65
1664 455 1710 580
1651 409 1612 495
431 1957 463 1959
1566 1123 1454 1094
1832 220 1930 261
764 1712 835 1783
1934 299 2020 281
1173 202 1182 253
631 1435 576 1466
135 1210 112 1171
1179 1317 1292 1241
636 1644 673 1580
1834 293 1818 376
1198 1512 1280 1541
504 1253 599 1233
1472 1145 1375 1049
1857 820 1962 733
1246 1280 1297 1226
1236 748 1243 864
83 1968 121 2022
1836 131 1891 237
516 1166 524 1236
1181 562 1143 517
889 404 806 334
949 787 1051 803
173 1459 166 1564
50 948 89 985
1623 1051 1734 1165
1973 1800 1860 1890
116 1001 171 1028
1546 1499 1640 1406
1816 94 1780 61
1026 1879 978 1935
1607 427 1520 377
178 96 195 81
1387 1099 1413 1184
396 1040 402 1002
1763 1915 1878 1885
265 346 162 387
1873 8 1855 133
1994 1588 1918 1536
1362 1128 1490 1170
1221 218 1247 119
299 182 349 232
1131 1915 1136 1796
1810 1656 1920 1735
1952 712 1879 745
152 410 144 358
470 770 549 707
1144 729 1060 684
1501 2027 1601 1930
503 1097 390 1093
1908 1250 1792 1285
268 264 269 232
1659 257 1760 300
548 600 633 596
638 1716 637 1828
1198 286 1254 357
815 28 867 83
1330 1703 1433 1701
726 75 712 92
1744 1183 1817 1178
1341 1210 1270 1299
590 1041 627 1087
242 1734 152 1675
956 748 1013 842
53 1975 47 2035
104 481 204 577
417 2022 462 1908
396 828 413 936
1126 1338 1221 1281
1197 509 1204 468
814 1769 756 1812
1389 659 1303 658
866 382 940 324
698 893 702 874
927 138 897 173
761 452 782 426
1498 1242 1421 1271
1873 1183 1755 1062
1588 1549 1564 1567
1537 268 1417 331
547 1412 522 1304
767 960 797 843
510 1515 631 1435
1814 1760 1868 1867
593 2015 699 1948
887 1148 914 1129
114 1025 45 1027
1161 93 1139 17
254 852 191 736
821 1834 898 1837
1897 439 1977 498
616 1164 603 1241
1047 1256 956 1279
160 1234 70 1296
1285 886 1294 824
722 1715 678 1623
1836 1708 1939 1709
1364 1463 1436 1556
1345 1570 1259 1639
1470 1772 1596 1691
1408 1477 1501 1585
275 650 354 540
1871 228 1959 112
1884 1194 1911 1321
349 1428 334 1396
1051 72 967 167
670 1817 712 1747
1621 1131 1627 1124
897 351 836 410
1755 808 1726 786
26 1924 48 1982
1755 1611 1647 1538
1293 1146 1419 1157
1702 385 1751 407
1102 483 1130 521
2041 1734 2024 1853
209 817 217 934
43 405 29 291
269 1564 163 1526
393 1417 280 1395
1752 1401 1663 1382
1560 1406 1593 1506
1096 950 1033 1045
2019 246 1958 271
836 903 863 814
412 487 347 377
696 1936 591 1876
207 335 221 407
1431 1920 1416 1927
987 1833 862 1860
1564 383 1461 413
258 159 311 111
650 1199 774 1287
239 728 158 807
1948 1713 1984 1801
1751 1007 1796 881
1370 1746 1424 1764
928 151 988 25
683 1186 555 1094
1273 714 1158 753
761 706 860 825
367 1646 439 1672
7 1124 33 1086
1067 954 1034 863
854 1056 881 1073
1507 1798 1429 1803
5 1782 34 1806
1322 857 1318 964
1579 1763 1595 1808
71 13 83 31
859 1201 891 1242
855 906 898 951
679 1711 556 1633
26 711 4 617
838 535 790 420
1272 723 1203 806
594 1165 537 1196
329 1632 217 1748
1793 266 1890 382
368 744 420 734
1954 751 1830 698
493 971 404 851
1721 309 1816 303
544 1614 616 1730
606 876 713 789
1009 1006 985 1088
1330 1181 1241 1122
82 149 45 93
628 580 574 558
1468 398 1549 483
34 1639 1 1572
1645 1000 1544 880
540 1170 634 1211
514 1798 453 1828
434 241 477 281
2009 1144 1979 1069
1281 1153 1230 1279
358 105 329 223
1455 957 1360 1069
396 683 321 718
885 371 914 423
886 778 776 709
1739 209 1790 274
964 1770 1045 1894
1287 1376 1368 1466
779 2025 726 1918
1002 866 1045 923
1928 652 1960 719
1200 1386 1193 1485
1397 473 1367 535
1436 1368 1428 1348
649 2001 677 1960
1308 626 1379 566
1100 970 978 1069
2015 65 1981 169
389 362 442 277
1595 541 1550 433
1830 1649 1923 1709
965 1631 840 1663
844 1383 824 1301
1180 1030 1128 907
247 1728 300 1780
1566 563 1493 594
1152 3 1035 19
1057 1221 1153 1291
152 1966 61 2030
125 1120 0 1005
786 1021 897 950
431 569 448 603
859 1535 969 1499
1869 718 1774 664
751 140 825 222
1776 1595 1686 1657
8 600 59 502
1953 1539 1826 1454
1055 985 1126 1084
722 1224 719 1248
842 1428 767 1518
255 1558 355 1612
1594 363 1474 249
1052 1790 946 1807
750 164 719 37
891 1540 939 1663
595 484 718 407
1779 822 1806 853
1958 1777 1978 1866
1021 1644 1057 1729
1302 19 1422 61
1214 960 1133 978
1431 584 1408 463
1532 1327 1441 1233
2037 1577 1977 1690
2009 1862 2035 1960
1289 492 1253 432
407 882 386 846
1172 846 1292 776
761 595 708 713
641 1371 537 1291
1662 337 1789 346
869 1333 986 1374
5 1715 25 1792
709 1970 665 1884
422 1443 521 1329
1404 1223 1370 1251
1382 436 1365 489
94 1877 89 1849
1255 776 1166 733
1569 1342 1586 1216
1401 650 1439 682
1648 1354 1533 1247
694 337 758 268
620 170 613 221
1060 1378 1015 1455
1187 708 1220 799
777 916 650 995
854 1361 743 1452
1572 397 1584 413
1280 650 1209 524
698 1559 641 1573
275 941 388 1036
1806 587 1786 676
1088 1468 1101 1375
1288 1878 1251 1836
1466 146 1342 20
922 1785 1048 1834
1947 1174 1962 1290
1998 752 1957 647
1086 827 1128 899
543 1543 595 1557
1347 2033 1409 1994
657 1456 615 1501
2020 1983 1998 1881
269 1848 274 1929
855 206 911 213
896 1816 776 1922
658 1098 588 1200
980 1292 1037 1229
1716 103 1609 119
578 484 681 390
742 1552 626 1574
961 915 1027 1001
1560 1767 1526 1787
391 763 481 716
130 728 189 823
1970 984 1923 999
1044 1539 1007 1547
1083 161 1166 180
1424 451 1411 402
566 233 458 189
315 744 245 636
1939 1 1915 63
1795 1936 1699 1991
840 1693 713 1772
1122 645 1201 743
701 43 657 123
307 1410 366 1475
1555 1223 1556 1301
111 1225 58 1103
1387 792 1413 881
787 1146 757 1051
1957 729 1934 855
216 1551 94 1490
920 861 1000 797
1786 1409 1823 1362
1154 1609 1193 1650
1355 1924 1254 1810
21 995 83 1121
1448 1825 1346 1698
1619 821 1545 886
228 289 142 187
1502 206 1601 186
576 609 518 668
1385 1428 1428 1349
1035 440 991 516
1990 1709 1912 1658
897 756 783 690
1090 1020 1024 1056
666 1390 676 1267
1353 1800 1380 1917
502 979 453 946
1665 1515 1788 1390
1088 865 1018 842
482 258 533 355
764 1087 883 1059
171 49 233 111
140 931 256 839
137 1756 137 1635
1809 388 1852 286
1003 1488 1023 1521
214 1971 126 1942
1791 639 1793 609
539 54 475 42
617 162 574 285
99 1080 113 1072
561 399 647 477
1695 685 1784 557
1405 555 1302 501
1531 957 1509 956
1336 1343 1244 1381
1119 411 1132 495
122 283 120 343
1056 1609 955 1493
1824 1247 1845 1260
1434 948 1385 1004
516 1653 582 1547
940 83 863 124
76 644 193 706
330 1516 290 1419
1480 131 1449 165
1427 476 1490 432
155 302 178 329
1149 679 1075 763
682 1661 682 1767
31 205 36 332
1198 821 1310 835
1391 2 1475 16
810 1444 723 1398
676 976 781 914
1435 776 1322 808
1191 20 1135 110
1690 1198 1582 1091
813 682 853 796
1918 169 1985 100
610 662 572 628
1825 1343 1930 1396
1307 1311 1366 1368
107 821 109 826
1636 700 1519 631
574 360 544 385
979 1910 1001 1907
1527 1504 1558 1613
735 1758 693 1808
1172 1740 1239 1846
17 1899 101 1944
1962 1078 1896 969
1076 343 950 335
417 450 528 457
1433 1023 1336 1075
159 901 85 927
1307 1834 1254 1913
1367 1320 1310 1216
511 1139 590 1235
1326 1213 1248 1284
507 1840 584 1717
184 993 114 961
1879 1858 1837 1774
992 79 868 6
172 803 73 861
78 960 65 967
1722 832 1624 914
9 1625 61 1574
484 1666 426 1697
320 27 336 12
1452 348 1529 327
520 1300 573 1190
1568 559 1518 500
1041 1836 1077 1900
528 2006 468 1988
771 699 790 633
507 864 592 900
245 1806 296 1694
412 1457 539 1447
1444 1352 1452 1299
1395 1055 1402 1031
2017 1503 2022 1497
225 681 128 696
1713 290 1716 163
1356 2014 1379 2035
1093 1921 1165 1919
747 1666 801 1750
1936 1157 1970 1221
1877 697 1851 765
491 1649 455 1527
1368 707 1415 623
1909 833 1787 831
1700 180 1578 198
186 1449 205 1445
86 1480 177 1426
423 506 388 413
1824 265 1813 231
50 424 18 398
1615 38 1664 93
1752 1283 1803 1293
1493 724 1374 704
1383 306 1273 374
1989 1202 1959 1209
1239 948 1111 888
1611 585 1688 659
44 173 93 207
458 1949 439 1933
1761 1147 1716 1176
430 1281 425 1217
902 1109 942 1208
87 1490 122 1534
1059 1657 1087 1532
45 338 10 342
508 276 493 173
1377 1272 1387 1153
308 1951 369 1832
744 516 722 596
433 1146 429 1074
1804 530 1833 583
414 1078 522 958
1662 262 1676 329
1901 1061 1965 1172
1345 719 1337 665
956 1192 903 1253
995 1987 963 2028
827 1738 832 1658
1226 58 1135 46
861 1347 836 1340
1073 425 1054 307
1004 332 1055 441
654 1643 759 1691
1561 1542 1475 1514
1801 1195 1840 1315
870 1257 826 1218
1962 1596 2032 1655
655 41 723 152
33 1367 53 1371
443 635 400 666
619 75 521 22
414 363 430 259
1587 1441 1507 1444
1229 701 1298 621
1440 496 1487 604
1499 1169 1382 1068
651 1810 617 1835
1443 1526 1424 1489
1612 137 1661 251
222 1162 190 1075
914 1763 890 1788
501 1364 617 1459
1940 1789 1991 1781
1181 1675 1121 1755
1770 408 1850 465
967 904 1079 1030
1203 1568 1295 1521
1647 253 1541 314
408 1338 528 1280
669 1216 721 1185
1075 1938 980 1926
1200 321 1090 415
353 694 315 660
540 245 425 265
73 518 120 583
1517 1851 1603 1857
883 292 850 235
765 804 644 815
1965 1386 1897 1500
308 391 241 364
1108 739 1151 858
130 0 9 77
944 1581 829 1458
1833 833 1936 744
417 1626 400 1732
1705 547 1739 472
470 1664 373 1751
1843 1893 1953 1969
951 1021 849 1148
844 522 936 481
275 715 263 622
1689 185 1722 270
1023 1870 1006 1937
1308 1080 1371 1062
325 1269 267 1334
1690 747 1679 749
564 1089 549 995
1400 199 1380 160
618 551 548 558
1008 187 892 182
1255 1840 1277 1750
1348 690 1315 627
1761 1631 1664 1684
1199 1540 1108 1482
1745 71 1824 176
1724 1267 1613 1145
1061 1256 1155 1285
467 655 499 578
1068 347 1114 319
752 1601 874 1655
1765 1946 1641 1992
1734 1439 1783 1389
449 1507 541 1527
2023 218 2028 195
754 1182 740 1204
1447 998 1415 884
1753 429 1877 350
36 1747 89 1847
1655 1866 1562 1747
1489 1342 1563 1406
1336 2025 1446 2006
1716 1845 1639 1904
541 1352 648 1438
1215 1044 1204 1121
399 650 312 715
1016 1919 1080 2005
1982 738 1951 681
1610 343 1705 397
1935 461 2039 436
540 1549 506 1555
371 72 257 158
395 138 395 56
985 759 904 720
462 1293 389 1342
1138 1530 1111 1448
197 336 98 350
1643 980 1690 1019
1898 101 1994 229
331 1282 455 1269
1638 1604 1632 1506
1130 1497 1209 1545
5 697 18 620
1609 1662 1554 1754
272 66 170 99
1214 1539 1169 1483
506 1265 583 1232
1987 657 2045 569
1851 1876 1790 1934
187 1193 211 1253
1161 1926 1243 1932
21 1103 128 1185
227 683 150 659
417 2015 490 1917
1949 586 1937 703
503 1327 612 1277
446 1947 388 1959
83 1407 51 1427
556 1044 678 1033
275 594 379 495
1464 1740 1473 1817
35 1445 24 1393
611 1418 673 1448
1196 1466 1127 1354
1188 1750 1225 1798
1518 1905 1392 1950
1108 2017 1025 1923
1688 65 1753 103
315 784 364 792
192 1244 84 1281
1869 1457 1997 1496
497 335 514 213
845 289 784 363
1792 970 1892 990
1815 1517 1832 1645
1181 168 1137 64
1999 1188 2033 1142
453 544 505 580
275 943 292 840
445 175 454 180
1468 136 1362 205
1144 1576 1201 1697
1955 617 1960 684
1079 1579 1150 1510
899 983 1013 956
1315 285 1211 404
1362 1820 1406 1892
1084 281 969 276
1453 1476 1514 1392
1912 348 1807 291
28 1802 96 1907
1339 797 1217 855
1687 1630 1744 1725
237 1604 275 1695
1791 1864 1667 1851
347 1113 331 1150
282 431 164 384
1196 791 1171 812
200 1854 119 1749
1294 336 1249 412
1973 667 1974 693
883 720 915 659
1615 1789 1562 1697
1867 761 1952 639
1696 1732 1658 1722
455 1586 365 1589
2022 506 1956 529
64 537 189 563
1559 605 1575 634
1166 1979 1084 1935
118 556 183 679
1624 1035 1605 1115
1717 371 1624 474
1683 323 1644 440
95 1542 218 1489
1151 973 1254 1036
1153 1682 1043 1740
1438 1853 1432 1739
976 1900 1090 1786
535 1916 457 1808
788 1491 713 1417
1625 1917 1677 1834
1650 1961 1765 1991
272 58 186 155
1860 1410 1891 1390
37 579 165 465
755 813 681 879
856 105 735 19
1334 51 1303 16
1341 22 1258 127
478 1199 362 1087
339 1176 392 1209
469 540 365 526
516 1274 523 1336
1201 1828 1304 1955
1766 848 1843 908
883 1024 1002 1087
796 1433 816 1358
926 1532 860 1520
973 476 920 599
1599 1161 1720 1190
1618 37 1669 35
1292 1644 1284 1699
786 499 697 398
1853 1004 1961 938
1403 1584 1436 1689
1484 1051 1487 1003
3 1787 35 1676
1547 1688 1461 1629
2024 667 1952 580
1218 147 1144 58
493 65 486 7
512 1982 413 1993
598 1772 588 1682
1940 274 2039 182
1368 716 1427 837
932 1780 816 1886
911 292 854 209
1821 1598 1879 1692
820 1633 907 1536
936 454 953 362
295 1588 190 1715
2020 914 2029 996
888 553 877 507
1880 1446 1830 1545
754 161 635 69
310 1626 367 1623
1821 928 1909 973
128 1178 75 1288
940 1590 915 1643
1183 1379 1107 1272
1405 1951 1388 1958
239 1114 119 1135
448 1536 409 1553
461 1808 509 1778
349 44 278 46
468 1566 581 1668
586 966 533 853
1212 890 1177 905
510 237 629 189
1414 1236 1462 1252
1387 1796 1320 1733
824 1779 891 1674
1156 987 1129 894
901 423 1028 433
1247 588 1367 481
323 775 234 754
1549 1749 1567 1784
2015 166 1942 214
1235 1233 1253 1117
904 1681 942 1569
1555 760 1479 863
239 572 163 695
2039 1723 2007 1615
1120 938 1122 1028
848 705 947 711
125 1898 231 1924
1027 127 1061 134
1136 64 1032 88
1730 1604 1704 1546
1682 684 1760 640
1502 1361 1500 1394
625 608 731 709
1493 877 1422 919
162 1893 72 2004
2032 716 2019 719
916 301 810 262
735 1792 640 1844
1086 1560 1011 1525
1628 1672 1629 1550
632 1677 545 1779
1441 156 1386 69
1956 1305 1889 1370
401 1665 467 1604
1158 967 1091 1029
1560 15 1581 66
367 890 274 915
1343 1480 1406 1370
439 1448 373 1390
266 1205 176 1108
11 1429 77 1332
1919 1046 2031 1017
737 1014 820 1126
1978 598 2039 495
1161 64 1143 1
1742 1094 1785 1115
890 732 954 730
1219 348 1332 330
1961 969 1962 886
2041 1710 1965 1833
221 1674 116 1701
1658 1113 1773 1145
1420 1081 1520 1143
52 922 1 794
93 1158 216 1072
88 637 98 589
1714 1287 1622 1231
2027 1047 1965 1054
1173 1145 1254 1157
1440 1398 1566 1403
633 2007 653 1930
1685 768 1633 666
278 548 229 514
1413 1042 1344 1063
1871 1234 1935 1245
1364 1520 1479 1571
1221 1600 1205 1657
1852 1009 1839 924
1186 124 1088 18
156 1418 74 1318
2042 1197 2028 1248
1375 76 1426 86
1501 1933 1624 2021
1880 461 1760 421
360 322 297 421
1044 1226 967 1291
628 1809 687 1703
1765 196 1869 143
1373 776 1317 864
320 1624 327 1540
324 516 440 557
1072 1239 1035 1326
930 95 906 185
182 1952 69 1869
1366 1228 1386 1114
136 1193 96 1233
591 1276 695 1300
447 245 535 285
1994 457 2009 465
1901 301 1793 174
23 695 9 739
1781 1839 1657 1833
6 455 94 446
890 1008 968 947
869 1245 925 1281
175 771 100 860
1406 1154 1409 1105
511 14 400 63
1611 1391 1700 1453
486 750 584 647
949 874 867 935
1493 1316 1583 1440
1822 749 1711 686
1038 940 1131 994
655 529 693 488
126 190 41 283
1438 23 1310 55
281 1669 229 1747
738 1945 837 2008
284 1444 353 1324
1533 1069 1474 977
591 597 654 640
268 1390 371 1361
2003 434 1908 398
1665 1540 1790 1491
1858 1127 1785 1017
826 899 894 806
1688 266 1593 257
1418 312 1371 317
661 1803 599 1858
1877 1074 1759 981
225 1599 146 1540
68 1964 28 1934
695 1855 645 1870
1212 944 1104 860
713 1261 753 1308
1760 1859 1793 1963
755 309 697 325
1364 350 1399 351
1810 803 1790 754
331 1120 336 1035
1670 1881 1731 1850
466 1738 352 1641
1977 1791 1984 1670
1550 63 1673 105
321 1783 267 1698
127 238 108 247
556 1005 540 1102
61 1168 152 1063
778 1757 755 1864
38 568 103 505
260 1398 166 1519
404 179 365 260
585 1600 482 1509
145 932 116 854
1612 261 1644 139
222 668 152 572
1210 2026 1308 1991
1592 581 1467 708
461 698 432 634
287 738 211 616
722 798 641 820
509 1865 463 1771
1692 337 1660 327
564 1 581 14
1114 481 1064 394
1840 265 1950 139
132 474 152 534
2017 1805 1912 1910
1270 640 1316 729
624 378 611 398
818 1768 738 1889
1657 298 1604 383
777 183 801 290
95 165 102 117
393 935 311 970
1101 237 1180 365
324 313 208 191
1090 546 1071 577
1177 562 1262 621
279 131 244 62
1245 138 1315 85
743 82 647 25
1729 1389 1702 1390
473 375 489 438
277 692 253 665
1056 1868 939 1888
527 162 406 164
576 330 658 392
1116 1916 1188 1835
152 974 129 857
1768 1668 1683 1549
847 1050 921 1090
566 372 551 469
1906 1600 2003 1658
130 1156 72 1282
1983 625 1873 502
1471 538 1353 533
1571 1119 1601 1124
1576 668 1614 581
1514 907 1642 924
1250 704 1133 715
1664 0 1645 86
1164 241 1231 265
1818 566 1930 667
1910 1437 1931 1441
1658 967 1739 994
1392 2008 1393 1934
120 869 215 911
1542 1632 1645 1614
837 367 744 249
638 803 563 823
1609 725 1512 614
88 1454 11 1343
1343 1891 1443 1946
1589 737 1630 628
617 1613 577 1634
595 909 486 814
1566 1039 1548 967
244 614 141 622
152 1188 130 1084
1797 579 1762 526
1739 1146 1859 1203
812 1270 773 1228
1354 25 1258 104
1239 614 1330 515
1533 972 1466 999
1248 294 1365 352
1591 1929 1644 1901
330 499 313 593
665 139 647 160
1616 1578 1615 1463
1709 1530 1691 1556
888 635 1016 549
1200 926 1176 978
965 1797 855 1687
609 999 724 958
1312 275 1233 317
1734 1324 1718 1261
1155 1661 1238 1789
1536 235 1470 288
1243 524 1289 615
951 1098 1062 1205
1078 637 1161 544
932 338 981 245
32 1882 116 1969
1555 1812 1560 1740
1810 1703 1771 1800
93 18 109 104
1925 1067 1917 1058
1464 221 1393 261
756 1382 629 1500
346 689 303 563
1700 1868 1744 1805
1336 319 1403 326
1375 1789 1282 1739
229 1767 113 1889
593 1014 559 1120
1648 383 1694 364
388 79 448 188
293 495 416 513
581 990 493 1022
1324 1291 1272 1205
1888 1227 2001 1294
1287 71 1352 40
1815 860 1894 903
95 390 62 329
1122 1624 1055 1574
1497 1017 1569 1102
732 1837 844 1716
212 918 252 899
1394 324 1390 339
963 457 932 490
1552 757 1490 843
1661 297 1652 202
1331 1507 1302 1470
1419 1815 1366 1905
1357 597 1441 657
1568 1005 1484 992
298 1630 348 1576
932 572 865 561
1901 93 1990 73
1575 1294 1604 1370
1317 1598 1422 1669
693 1324 737 1410
415 1905 495 1890
1842 1634 1944 1588
184 631 60 584
970 1318 924 1324
1410 1133 1441 1029
794 1178 911 1157
100 437 170 500
1975 1659 1954 1758
204 1806 253 1728
454 2046 531 2029
703 1869 783 1758
870 382 839 254
1326 1553 1263 1625
728 1470 671 1533
1450 1787 1456 1695
580 1543 546 1433
1760 178 1874 218
1204 772 1078 697
233 126 318 96
184 584 260 590
1828 19 1830 71
