2048 2048
2048
824 671 788 730
349 637 214 777
1087 1149 1114 1001
2005 798 1990 777
1253 240 1302 304
1737 1498 1754 1345
1404 1375 1339 1222
1163 939 1238 1073
1075 1113 1110 993
1801 369 1773 468
263 993 182 832
1924 350 1771 436
106 852 109 847
1019 245 1131 295
1648 1316 1738 1311
1191 280 1188 326
1094 514 1035 618
396 194 350 101
244 1761 350 1925
1625 1090 1607 1178
1766 833 1791 965
1506 610 1521 641
414 801 565 715
968 758 1015 677
304 486 161 368
987 897 984 949
1747 844 1864 962
1076 1019 1005 1063
228 1908 194 1831
1264 1559 1362 1452
224 783 356 740
230 1085 354 1060
665 120 685 91
1285 995 1223 861
1562 218 1580 259
1610 356 1567 289
1427 289 1570 414
782 1267 912 1249
1231 737 1107 888
378 1918 533 1913
262 294 199 446
279 1320 126 1277
121 1013 81 1007
1555 1586 1534 1652
742 453 724 443
1134 1512 1266 1666
1147 1129 1033 1219
984 1063 1099 1051
1426 1723 1564 1883
111 866 249 873
454 1404 360 1275
1890 1876 1806 1832
1073 1619 1040 1718
1695 939 1786 1042
200 1535 288 1577
1765 1107 1878 1079
1359 128 1239 88
0 1728 137 1644
1749 308 1711 205
368 1585 266 1599
809 2004 691 1995
615 1875 558 1717
523 1706 370 1564
321 183 158 223
816 1928 976 1820
369 1899 486 2016
1285 2029 1177 1870
17 761 117 809
1841 1937 1936 1832
335 696 193 586
1579 1934 1443 2020
876 1427 929 1386
806 1243 771 1285
556 758 471 771
1627 1630 1772 1549
1211 1952 1070 1861
1164 1401 1101 1253
706 1993 734 2007
1797 829 1798 930
799 1373 925 1309
837 1518 962 1594
1035 481 1136 491
688 1609 530 1502
990 1879 957 1872
820 1743 888 1671
566 256 474 228
1640 70 1798 122
1643 1923 1647 1958
395 221 301 71
530 817 648 963
1241 411 1255 379
1889 49 1878 183
1872 24 1978 71
1084 170 1025 214
30 379 123 469
1689 771 1639 766
457 683 356 617
618 303 767 360
349 534 356 408
1231 1956 1306 1957
715 339 599 182
1439 290 1371 439
1219 584 1112 722
962 318 1120 182
1995 795 2040 897
1394 921 1241 893
1856 1849 1746 1846
768 1558 811 1473
1310 496 1288 532
354 1670 241 1562
274 149 110 120
2009 1251 1989 1392
830 748 938 756
1776 486 1922 443
582 159 584 107
1656 1396 1578 1414
1238 338 1157 371
1900 776 1844 925
1833 1693 1791 1799
1919 444 1797 391
243 36 317 169
766 1450 861 1566
1016 2028 1124 2020
431 933 269 1000
592 1162 692 1152
985 887 1033 985
2036 1823 2015 1903
610 158 607 208
1907 1499 1801 1438
1916 87 2018 184
2024 363 1890 348
665 377 593 384
750 286 720 317
214 232 179 389
1454 1433 1334 1507
611 53 574 188
1724 282 1676 367
1143 456 1186 610
2036 355 1890 423
887 1611 951 1718
1114 969 1188 1004
1190 1604 1093 1727
1037 2029 1122 1989
224 1376 355 1260
895 1595 794 1472
1374 1876 1256 1737
1903 365 2033 331
1700 1794 1601 1933
953 371 818 517
691 1275 568 1267
75 1419 91 1533
741 1608 767 1736
895 1482 936 1491
126 1926 128 1961
921 1187 1017 1178
1672 1615 1513 1625
1851 615 1764 686
591 233 462 256
246 796 253 773
175 357 82 443
1001 495 1082 376
1461 697 1449 633
472 860 516 917
651 1120 623 1039
194 510 357 536
1006 1618 973 1742
1787 1912 1714 1863
1314 1034 1321 1155
1729 1779 1862 1622
24 566 47 587
91 1516 138 1513
1033 1145 974 1026
931 659 794 552
229 93 130 148
1952 1155 1822 1076
16 224 131 179
1984 1775 1843 1859
1979 1089 1966 1215
333 175 453 66
251 893 153 914
1593 761 1536 859
548 394 475 450
266 1638 206 1611
112 1755 250 1641
1623 1762 1781 1842
2004 1082 1870 1122
1781 290 1772 404
169 1100 210 1162
1234 1573 1241 1630
1708 1065 1608 1081
734 1159 610 1309
1747 1409 1817 1571
1261 513 1293 673
965 634 1038 717
1872 1788 1980 1746
801 559 753 401
1975 1914 1969 2028
955 290 873 297
1321 271 1342 320
1807 1106 1904 1183
1263 2036 1216 1914
1314 1499 1315 1604
1509 880 1544 766
470 1532 498 1658
1353 724 1361 790
896 620 828 775
349 889 293 920
1640 757 1491 747
223 1359 143 1297
1002 89 924 92
1770 107 1904 258
1835 1001 1951 1071
620 1590 617 1477
385 28 355 60
89 541 207 472
289 1388 335 1380
1441 684 1477 550
1557 555 1469 701
363 1450 249 1319
396 715 323 578
1998 1627 2035 1567
1651 2005 1750 1992
1199 1961 1295 2025
1488 427 1645 478
1802 809 1797 785
1616 342 1723 237
67 1077 27 1038
305 873 282 889
1727 319 1813 330
1208 1182 1292 1302
2010 192 1850 64
1460 1672 1530 1666
885 1563 1044 1686
2044 1730 1993 1845
118 1713 146 1775
2026 587 1923 542
670 389 732 255
2040 1812 1981 1916
1491 1744 1489 1671
1851 1319 1972 1310
562 1775 567 1856
1188 441 1057 350
263 349 262 378
308 686 156 554
316 810 396 820
1779 123 1650 128
593 1444 526 1585
757 496 752 402
1463 467 1506 330
1330 8 1249 90
1567 150 1616 135
1914 1112 1917 1085
682 1053 789 1071
1775 1444 1722 1557
573 128 460 170
1431 954 1578 917
1228 1761 1152 1898
1795 1284 1798 1175
363 464 437 389
1965 606 1981 693
120 1685 202 1808
1579 1833 1469 1893
148 324 122 268
278 2 175 160
2005 1050 1961 952
387 1874 267 1916
1276 43 1230 88
2003 1986 1988 1915
366 1742 435 1685
1677 1303 1529 1143
444 414 491 338
654 1218 556 1306
254 1500 387 1489
1427 388 1320 237
309 460 364 445
1207 818 1263 858
558 1197 630 1062
1824 1294 1938 1271
786 203 653 340
93 1305 102 1410
989 1064 871 1059
1340 1057 1490 1163
326 751 331 653
273 569 433 528
293 588 211 525
1058 2 1060 162
2023 406 2015 256
1288 124 1408 51
232 606 68 712
172 635 67 480
78 1814 194 1749
163 1670 180 1558
902 627 934 775
612 1721 678 1768
1814 352 1776 490
1080 1377 953 1469
1242 1219 1214 1283
227 820 155 659
1940 1485 1903 1597
2023 339 1876 319
825 1684 778 1792
1320 235 1328 385
1344 226 1185 277
1156 1643 1111 1509
995 635 1066 569
235 1924 168 1877
2046 1280 1919 1244
566 1477 573 1506
1421 161 1368 100
1683 354 1730 320
816 329 676 213
281 270 259 306
980 844 873 736
1800 1896 1952 1903
1725 1590 1645 1517
1799 1295 1812 1156
656 2029 632 1953
773 822 789 793
103 1049 202 1059
1958 306 1996 369
885 749 1037 724
1756 267 1890 400
2024 313 1935 209
245 1836 375 1814
842 1972 887 1950
1717 889 1685 727
211 550 98 514
502 1906 647 1854
1285 1932 1232 1919
688 560 748 691
599 2045 557 1883
1381 1634 1271 1763
1399 806 1466 733
1627 1459 1688 1519
518 1900 662 1924
780 632 931 613
1012 422 934 383
2005 1583 2019 1626
1758 0 1891 26
1365 779 1388 713
1667 597 1806 688
1278 876 1189 933
0 588 138 449
1009 34 1067 111
243 2002 134 1867
1486 59 1383 69
858 64 913 27
1225 149 1264 223
817 827 774 919
559 1431 558 1288
1363 523 1465 478
1864 793 1960 871
4 637 139 571
563 1232 409 1335
1715 1370 1586 1239
855 1769 996 1630
505 259 471 262
1462 1677 1539 1691
1131 1583 1113 1741
383 959 222 871
892 1350 1021 1500
939 1191 1098 1274
917 766 1074 861
949 1560 1057 1529
25 1395 123 1327
700 1253 599 1127
969 573 913 607
438 922 428 865
1531 1932 1408 1901
975 1964 1077 2009
105 777 110 667
23 901 34 1046
2006 1578 2016 1470
326 1331 274 1487
1890 1249 1726 1141
670 796 607 793
1889 1414 1868 1331
276 515 360 571
1498 1501 1364 1565
541 1919 459 1780
471 773 381 639
1600 971 1629 826
924 1282 834 1409
1098 769 972 733
564 878 533 771
2004 905 2007 961
1187 1526 1192 1609
1396 477 1388 432
916 146 944 172
728 67 830 121
718 415 768 488
581 1040 557 1039
1296 425 1406 312
1469 1215 1363 1337
1256 160 1252 77
1605 1066 1477 922
684 1856 592 1776
1669 1114 1510 1132
375 1632 463 1594
472 1799 528 1781
494 682 640 725
1097 1564 971 1679
1540 626 1570 547
356 1589 402 1524
1064 989 1013 1067
1985 1951 1952 2004
1921 1522 1869 1528
405 1705 522 1714
680 492 642 391
1680 194 1551 328
1881 22 1891 115
805 224 799 178
445 1563 288 1524
2002 1414 2020 1300
999 900 1086 930
1934 810 1851 708
1677 1623 1682 1466
1420 1360 1374 1459
2045 2015 1897 1870
1355 1748 1388 1608
1387 1226 1285 1329
471 580 480 526
204 321 295 453
1218 1564 1320 1546
221 1880 88 1871
678 300 765 305
1844 362 1861 367
604 1127 674 1133
1548 1385 1506 1394
1175 73 1188 11
1559 933 1470 965
97 969 91 1111
1868 1847 1739 1704
1119 76 1135 231
734 539 773 492
1629 4 1667 97
1906 111 2033 123
1910 1578 1862 1621
999 28 997 48
350 1237 372 1119
371 369 244 498
796 1388 764 1372
1452 1192 1315 1307
276 781 233 846
1185 68 1178 4
417 308 544 344
1169 1743 1101 1645
396 1929 538 1912
329 1002 450 914
395 1243 437 1147
1180 33 1111 62
1304 1487 1183 1616
1488 981 1395 1097
1686 357 1797 254
1211 415 1085 539
1393 906 1345 796
1314 1799 1448 1814
468 1460 455 1475
1450 249 1497 301
1740 287 1745 145
1756 1575 1804 1634
483 1728 631 1614
122 37 180 16
730 1725 649 1736
146 761 152 778
1848 1091 1734 1205
1337 1955 1270 2018
116 1115 59 1128
274 1223 188 1133
139 352 297 214
1853 1 1722 56
1079 376 1000 311
52 1836 193 1892
658 387 787 549
38 1135 116 1254
751 1241 658 1081
1089 316 1118 214
1086 179 1235 67
373 336 447 487
405 1527 563 1385
1631 1957 1650 1843
1307 474 1393 514
510 1140 489 1041
1053 835 1175 900
1835 243 1778 215
238 1249 347 1326
1686 1709 1635 1709
1213 20 1364 40
1201 1484 1229 1408
1075 832 999 928
935 1966 936 2034
1373 793 1511 687
1206 965 1283 1032
1751 1074 1831 963
951 1907 826 1831
1545 1665 1692 1526
1043 1845 935 1847
1004 1955 958 1805
654 1349 518 1386
195 373 143 340
1231 8 1104 139
483 1702 414 1790
217 1390 210 1252
1333 1507 1176 1441
349 679 218 686
55 1814 43 1815
1152 1229 1276 1150
557 1497 713 1513
875 1634 784 1526
139 267 195 345
412 472 551 458
1800 511 1782 522
1069 555 1182 401
1542 496 1683 568
1000 116 1119 34
1424 1865 1376 1878
1240 229 1386 285
1864 1064 1973 1032
642 1924 548 2030
678 1406 685 1271
286 1302 397 1337
1997 1593 2036 1653
1494 941 1455 1078
1629 1572 1751 1673
587 915 658 930
563 1083 639 1080
1492 686 1588 656
373 1415 288 1254
935 1004 816 910
468 251 374 409
1693 1164 1734 1011
197 277 347 174
1457 1124 1364 1125
1578 1724 1503 1735
1858 806 1798 873
379 817 415 747
801 304 699 371
1114 1362 1187 1270
1798 921 1797 1011
1722 1280 1686 1329
533 1643 679 1562
1659 1229 1810 1291
125 176 215 63
688 539 540 472
344 1000 508 1130
871 906 769 891
743 863 875 925
1784 472 1778 381
1380 1866 1475 1918
1073 649 1058 541
1817 1749 1860 1811
1050 738 1154 662
1694 232 1758 72
773 15 688 83
704 1234 609 1131
672 1219 820 1059
1870 33 1782 30
1235 1835 1255 1718
530 1241 638 1140
1475 1586 1505 1550
986 1693 944 1685
705 499 761 522
1313 1335 1278 1298
254 155 243 88
560 256 529 129
694 1272 615 1197
1394 968 1516 1123
486 816 519 821
301 2005 433 1917
386 696 492 765
757 571 821 500
1386 1449 1369 1522
1986 391 1866 462
1858 1223 2004 1137
1404 1613 1441 1476
558 163 555 101
245 1061 404 1158
415 1727 318 1607
122 1369 169 1532
1162 1399 1250 1471
1029 1363 977 1297
659 1003 567 1108
597 592 544 581
783 463 832 535
87 1139 217 1281
1230 437 1287 321
988 1200 1064 1300
165 562 95 489
1550 2042 1555 2038
1140 1593 1303 1434
397 474 443 314
1374 918 1536 840
973 1673 1016 1700
663 1321 699 1225
1934 1065 1771 1150
1628 891 1636 836
1006 1158 953 1067
1386 1241 1251 1162
337 93 372 91
364 1381 426 1267
1193 1464 1207 1593
167 573 159 561
837 236 850 321
983 1230 888 1083
785 375 703 263
1069 155 1063 188
1348 798 1279 827
302 751 269 875
1075 38 1039 68
1917 161 1828 264
1437 367 1308 527
1578 317 1484 357
1408 1201 1278 1117
1728 762 1804 737
430 1355 393 1446
302 750 383 675
14 561 116 675
1361 608 1206 487
1172 499 1308 537
371 1245 452 1141
2000 23 1870 86
437 487 562 437
784 1874 825 1955
1610 1228 1749 1111
659 1661 517 1803
1424 246 1485 83
721 1175 645 1242
996 295 1091 289
754 1764 857 1747
1184 889 1136 1012
1457 40 1356 138
515 106 502 82
79 224 7 270
1407 335 1334 255
908 1780 911 1942
1322 1870 1454 1839
730 308 654 288
653 1630 567 1694
276 836 175 835
1890 1013 1807 1097
887 1150 1000 1221
1767 350 1820 441
765 1399 745 1332
113 1089 145 1033
1080 710 1214 772
251 1805 206 1753
648 931 593 1000
389 696 231 533
137 1526 11 1684
195 1838 172 1873
1400 1424 1546 1332
1527 1016 1533 1118
756 737 805 670
1430 1384 1397 1366
769 708 883 766
704 717 695 771
41 1406 54 1564
741 95 876 33
1077 1927 1085 1971
583 1982 448 2026
1069 1093 982 963
507 69 569 98
99 1242 33 1146
1080 1172 1078 1056
1108 1636 1096 1776
1556 1147 1569 1308
930 250 1012 356
446 471 367 491
1230 580 1341 580
1721 1063 1679 1204
200 1530 326 1490
1554 1051 1715 935
40 346 51 477
1743 870 1771 1010
1357 274 1482 402
773 27 663 8
1033 1816 1012 1848
1662 1850 1681 1724
85 1165 140 1106
812 989 754 1035
9 1883 64 1742
1536 12 1576 56
684 1111 753 1173
148 1637 197 1652
1750 1680 1900 1742
6 1866 81 1919
1732 2034 1613 1947
758 1615 794 1742
1290 1308 1383 1408
821 910 748 1074
1725 932 1697 848
668 618 691 767
1202 1853 1188 1940
66 1004 204 1051
559 687 584 756
342 792 287 708
635 975 748 909
1690 599 1765 551
106 284 192 350
216 1164 183 1124
1398 297 1520 297
54 1973 197 1939
501 1538 628 1427
1526 1954 1616 1834
68 232 169 147
1900 861 2010 899
1042 17 1066 112
953 1738 888 1849
563 2012 727 1949
224 88 99 6
456 1683 460 1546
1192 1307 1183 1352
227 1763 165 1701
339 1949 350 1880
1118 180 1172 309
734 36 745 132
1556 1134 1719 1235
1551 1172 1446 1307
770 1558 751 1498
1949 737 1870 637
441 1530 477 1691
483 1906 441 1854
703 2025 799 2045
192 414 104 272
293 1864 281 1890
1373 264 1283 154
1230 45 1388 2
795 1114 634 1185
1551 266 1543 323
519 1606 550 1716
1086 530 952 622
1545 1757 1616 1916
1222 981 1089 909
1816 1774 1822 1689
1844 94 1833 98
229 4 249 37
359 1163 425 1252
1483 843 1528 761
1396 1371 1248 1235
1234 1903 1222 1942
118 506 260 492
1840 1562 1764 1473
1981 1878 1928 1870
1469 95 1370 229
1255 1749 1341 1597
529 1226 566 1288
193 468 334 617
1209 512 1258 668
1934 86 1991 168
209 1544 45 1673
1147 201 1222 160
527 600 672 658
283 1256 198 1148
1483 398 1383 302
1230 200 1245 41
1924 1530 1979 1542
79 1140 225 1229
1754 823 1688 682
1454 1122 1581 1161
1362 996 1339 1070
1722 350 1612 239
100 2027 38 2002
1005 601 1118 492
534 1567 373 1611
855 1265 815 1392
35 1221 141 1117
256 1244 398 1167
514 200 612 195
689 402 744 524
280 1092 325 1079
570 1953 504 1898
224 1285 355 1170
1652 1324 1726 1438
1316 1408 1398 1531
1627 1459 1614 1345
1523 651 1519 685
104 900 253 981
1171 944 1295 1008
1639 1900 1649 1779
1982 565 1940 682
1262 1645 1287 1564
1945 371 1966 415
619 157 676 220
1988 840 2039 747
543 26 451 30
1892 398 1774 417
1779 1268 1767 1191
501 480 558 626
396 1209 295 1329
1534 1582 1558 1487
492 10 607 45
1984 37 1881 28
265 2041 153 2031
1677 113 1593 211
976 1834 836 1897
581 911 722 754
680 1118 629 967
1087 538 932 503
1110 409 969 304
693 304 798 154
449 1303 359 1367
1067 1256 1094 1178
1254 212 1388 334
1918 278 2028 131
112 1998 246 1900
1674 583 1677 495
1216 1511 1155 1425
78 924 10 944
1824 1750 1683 1626
1797 153 1797 57
619 1431 577 1555
688 1968 714 1864
749 387 755 425
634 1796 544 1743
2031 1754 1968 1742
2024 1767 1891 1794
976 1612 969 1680
707 581 826 689
530 1057 527 975
1452 1834 1576 1860
1192 1665 1139 1676
820 591 688 589
1214 860 1266 796
513 1863 449 1886
177 482 327 578
1206 1958 1346 2041
1154 1236 1144 1227
929 1649 1077 1567
1143 703 1233 693
13 51 157 184
867 840 733 961
1300 114 1380 165
1220 1695 1092 1545
1322 848 1424 922
98 2001 96 1969
652 308 782 436
272 1651 193 1746
1740 807 1688 736
576 464 487 578
1566 1596 1470 1502
1725 1868 1807 1969
547 135 681 295
1351 807 1503 951
1407 1268 1243 1339
1316 512 1226 379
392 1745 282 1696
1262 1570 1299 1710
1568 1021 1406 942
1712 1302 1779 1424
1247 1447 1142 1527
568 134 524 171
1301 1301 1138 1349
1430 1523 1283 1641
1810 1030 1818 890
1198 1034 1360 990
352 653 271 528
1174 1676 1164 1831
987 1573 1137 1675
1635 1576 1660 1544
366 196 296 86
1885 295 1782 158
651 922 488 964
1311 84 1244 5
1028 1493 1085 1611
1091 2047 1060 1925
1252 1713 1262 1682
336 1516 376 1650
479 1706 564 1554
888 1612 753 1618
1 1099 112 1073
1500 1529 1397 1514
929 2022 832 1983
846 1742 792 1735
638 1338 694 1196
380 1491 217 1522
426 324 555 349
1021 1381 1093 1269
1438 1538 1303 1599
2012 727 1986 580
734 1569 606 1448
1288 1952 1293 1914
1455 321 1327 183
1070 1177 1071 1120
1947 621 1930 472
245 141 352 114
2033 1034 1955 994
2009 430 1905 469
1548 1819 1692 1719
1812 160 1951 31
1042 1534 1001 1514
1318 1250 1468 1399
177 1842 214 1847
554 1040 682 1104
265 1161 321 1099
1548 1653 1606 1526
920 113 1080 29
27 437 80 480
1949 1585 1788 1667
1051 633 1016 619
1329 1707 1266 1801
516 1967 427 1816
1205 830 1297 696
807 2010 824 1988
1708 1817 1750 1730
117 319 281 358
782 276 777 199
1507 2013 1394 1899
49 443 36 595
1272 1803 1427 1908
703 87 685 33
134 1009 271 921
373 740 385 578
1723 1501 1878 1586
1888 1947 1904 1957
1812 10 1715 169
127 561 26 592
614 701 608 594
1728 536 1776 400
1364 627 1357 782
1235 1908 1363 1899
1953 621 2004 480
1402 1586 1452 1677
903 1378 799 1422
583 91 725 123
2005 28 1967 160
1922 1542 1941 1554
474 10 430 29
1936 994 1786 968
352 1338 408 1323
1171 637 1233 568
1241 1370 1110 1348
878 1540 813 1657
474 621 586 571
1099 569 985 595
734 1574 645 1476
782 1032 773 933
2015 1035 1969 1132
1424 1097 1431 1090
1379 1654 1321 1745
1175 328 1257 403
712 386 583 242
432 821 287 729
1055 1182 1041 1079
132 741 254 749
1992 1068 1975 960
630 1260 734 1302
1771 1845 1714 1719
1819 939 1680 825
1442 1059 1284 1217
641 58 705 98
1227 541 1082 430
1229 296 1328 416
1163 1768 1325 1795
1832 2021 1680 1984
527 1626 596 1613
319 1718 433 1752
1313 917 1454 846
432 505 470 639
1026 1378 864 1395
1666 691 1688 791
12 234 172 210
421 1642 422 1789
1075 1037 1154 1165
1107 728 1016 609
1871 874 1974 893
718 233 581 319
847 684 746 767
984 1208 922 1170
1407 1186 1332 1299
1252 1859 1341 1884
1323 564 1169 675
1453 1962 1461 1909
378 118 356 18
1435 68 1532 154
1163 958 1315 975
1023 1547 1095 1632
79 1204 44 1239
1985 456 1884 395
1639 1832 1481 1958
1594 347 1742 382
1985 853 1953 868
1222 28 1383 133
381 1984 336 2034
1940 1346 1804 1200
1351 446 1326 578
1998 1337 1874 1457
1216 3 1294 39
58 648 172 805
1257 646 1316 730
740 1677 899 1629
1741 500 1891 435
868 768 875 620
1460 320 1323 378
730 1983 701 2025
2046 10 1979 151
492 1222 476 1098
305 1539 246 1571
1504 1773 1596 1713
334 275 331 394
405 1908 449 1961
1956 1154 2006 1299
1167 1844 1193 1746
1045 937 1149 903
107 1196 255 1143
2026 81 1952 137
1301 966 1157 1091
978 1057 1050 963
468 1038 502 943
1535 318 1691 273
698 1927 811 1838
1150 1622 1160 1504
1758 683 1603 759
990 581 953 681
749 1083 857 1172
839 1455 1000 1584
1911 987 1963 1126
774 1921 926 1975
378 1048 505 1071
1570 728 1581 763
857 1270 764 1314
1742 1021 1710 890
276 690 211 589
100 155 77 169
1087 122 1115 159
1786 1414 1650 1294
68 1542 48 1408
1783 169 1897 319
634 208 608 338
756 56 625 16
939 1460 817 1407
1118 279 1082 268
2008 1443 1938 1391
964 1565 992 1441
1520 1725 1457 1843
1504 747 1603 824
1382 1798 1284 1692
1003 1985 901 1899
1751 1991 1912 2019
608 1684 609 1750
1483 1543 1542 1475
110 1904 177 2009
1175 195 1309 64
839 1590 946 1453
1743 817 1813 723
1166 503 1260 651
803 2009 746 1989
210 1217 244 1296
1534 1106 1485 991
1511 1786 1414 1924
1553 343 1615 483
1703 555 1553 649
1528 1608 1409 1725
1208 1704 1342 1706
1905 1106 1841 1008
553 684 395 614
663 1789 524 1887
1383 1267 1518 1288
2040 663 1889 645
875 954 768 962
32 1930 26 2031
878 1290 962 1167
31 151 104 197
1753 500 1787 629
669 466 703 401
535 1666 538 1779
469 1760 421 1602
752 1064 886 974
1859 61 1958 17
586 516 662 426
1993 1251 1892 1160
1281 1444 1327 1427
27 993 159 984
1660 1335 1752 1367
283 864 252 738
2046 1583 2035 1539
1105 1029 1171 972
1756 1011 1862 1071
869 1853 915 1833
469 1722 429 1589
1542 866 1608 867
1393 1485 1356 1542
1867 324 1811 247
865 1225 987 1357
279 1748 124 1592
630 1359 586 1405
1473 1708 1596 1764
978 1360 1099 1225
1657 1928 1725 2007
1300 686 1307 835
1353 1019 1314 1036
642 1319 589 1390
802 1695 766 1785
31 501 7 539
976 126 982 61
1388 1951 1317 2024
661 1879 665 1874
1528 1023 1538 1115
933 1303 987 1243
138 228 18 244
817 1532 916 1586
933 407 821 432
1437 217 1573 314
1777 1466 1669 1343
768 1001 694 1047
19 774 129 782
40 957 15 899
984 1959 912 1880
1039 578 1172 557
1468 610 1564 739
405 898 370 1027
1827 1179 1802 1315
995 1956 1103 1816
1897 747 1861 819
1487 1172 1420 1214
1585 384 1477 240
991 1752 873 1650
103 1903 70 1780
1317 52 1437 211
1022 519 1025 409
648 1625 513 1660
1166 240 1297 274
1614 1561 1576 1638
1579 830 1465 890
404 33 560 98
1660 522 1597 416
657 938 798 782
127 625 277 675
1771 93 1742 82
237 85 301 243
1036 1299 1105 1358
1498 575 1437 718
201 1384 218 1425
1946 997 1913 948
1400 1426 1519 1324
376 1068 256 969
171 507 261 417
210 227 248 143
1613 98 1706 196
1129 743 1039 599
967 1538 839 1552
164 479 181 499
247 1609 86 1733
1607 576 1611 547
1468 307 1417 319
1815 1379 1974 1368
956 1578 1091 1555
1403 1022 1455 986
438 1372 558 1507
641 390 708 344
710 672 833 728
1055 1479 928 1585
1989 1706 1967 1570
1810 538 1875 391
354 957 385 982
1858 1177 1936 1327
1141 211 1115 135
62 1941 11 2013
1401 1231 1265 1251
1921 1844 2014 1912
1765 905 1655 866
1961 149 2036 7
577 598 467 658
1649 1907 1603 1913
642 428 510 569
880 998 824 907
1156 731 1110 820
33 779 40 912
127 120 173 199
453 1499 396 1628
1360 78 1342 137
1425 1524 1264 1512
1469 108 1341 183
1148 806 1201 760
526 1352 515 1193
780 1722 801 1840
279 1351 154 1421
1303 1612 1374 1587
1242 115 1137 166
494 889 366 744
1122 916 1220 931
1824 75 1791 217
1454 851 1318 867
1325 1836 1404 1860
130 538 220 424
1191 452 1120 607
1392 372 1347 429
1963 41 1984 40
1633 1783 1603 1931
1838 887 1730 752
1193 1114 1314 1057
1300 438 1350 408
320 1150 210 1021
1278 1574 1275 1712
527 1696 496 1642
744 146 587 277
603 1319 603 1395
1106 234 965 170
1302 1992 1339 1907
1535 26 1617 61
105 348 261 346
1510 1192 1539 1099
150 0 262 91
100 266 52 300
917 160 983 151
1839 1916 1925 1844
1730 338 1615 253
1269 428 1401 323
865 411 803 268
1014 849 1119 732
901 510 1060 361
995 1926 1132 2044
555 725 635 801
940 805 827 669
307 1808 457 1855
1858 1636 1778 1667
1918 1181 1986 1112
1112 609 1133 692
759 197 663 37
681 498 679 401
1749 958 1764 1009
1131 737 994 713
1087 2030 951 1996
627 1873 581 2016
580 396 621 382
1866 1617 1767 1560
523 781 393 763
528 1428 583 1579
699 238 778 344
1449 495 1290 442
554 1555 667 1484
1151 1010 1143 1091
154 589 4 460
1696 693 1642 746
1274 530 1206 470
62 179 57 85
431 1276 573 1419
1641 136 1719 31
124 535 238 654
22 1604 47 1605
1203 1441 1312 1551
1655 748 1522 891
1151 1899 1215 2006
1880 1926 2040 1861
1912 234 2046 221
164 813 117 863
928 840 859 807
1665 2004 1511 2027
673 1030 720 1157
1373 252 1376 363
699 368 766 522
884 1648 863 1795
1956 1683 1863 1689
1430 680 1486 644
463 1869 451 1962
2006 1116 1855 1116
1303 476 1212 361
958 1266 1012 1414
1710 1219 1621 1245
377 2041 381 1935
906 1007 941 1087
139 1480 219 1331
298 1079 321 1227
780 1815 843 1772
1750 645 1861 502
209 309 132 385
117 15 23 86
1975 1602 1827 1559
1875 1834 2032 1942
82 582 50 659
651 1081 800 917
1419 1420 1285 1481
1034 1007 949 1085
537 2039 410 1894
908 823 751 685
1420 1717 1512 1623
355 698 244 843
1180 892 1181 920
1795 2026 1927 1916
1288 1930 1359 2034
1751 202 1658 265
1634 534 1752 389
1442 635 1453 651
1744 73 1774 237
262 1905 227 1866
553 1262 430 1353
794 1578 813 1461
1186 827 1039 980
1884 1124 1815 989
1643 1980 1749 1924
769 2042 860 2026
1406 611 1415 531
471 1638 553 1534
572 346 699 279
1394 1831 1526 1720
13 133 15 8
172 1090 86 1203
1700 460 1716 578
1731 683 1828 604
1397 1927 1258 1967
259 869 420 727
1423 1478 1344 1593
47 1408 152 1427
260 1682 297 1611
912 1253 878 1289
757 278 751 209
889 1584 770 1586
1847 2035 1793 1889
1843 887 1979 954
163 1799 144 1671
1734 1897 1839 1747
2031 759 1902 716
1467 591 1583 447
272 1540 148 1393
1549 105 1614 98
1629 428 1517 538
1994 1499 1840 1537
1681 185 1795 148
1265 837 1150 941
587 1150 730 1075
2045 125 1970 83
361 1906 298 1913
1656 1404 1705 1355
1322 814 1438 948
665 1902 502 1839
346 486 290 413
575 1492 706 1516
1652 1329 1647 1458
120 853 257 695
1827 955 1892 814
314 1043 402 1007
1182 1806 1211 1941
554 1524 662 1509
542 1182 586 1151
1771 753 1688 757
34 747 175 706
1630 323 1501 404
1743 1661 1696 1525
923 785 1074 717
935 164 933 103
760 382 750 382
1875 578 1766 606
242 474 291 582
736 1745 865 1679
1804 1895 1657 1863
89 1453 98 1411
1262 786 1399 743
367 1991 213 1973
718 210 746 146
1513 666 1353 507
1681 1703 1746 1748
578 304 645 417
1751 273 1915 130
569 1109 527 971
1473 1241 1557 1325
1712 812 1680 835
388 1239 471 1097
219 226 177 62
1494 19 1529 61
968 311 1118 421
204 664 249 782
318 1469 326 1380
630 1560 699 1701
614 648 608 573
1495 458 1620 556
274 319 351 445
668 1846 694 1980
146 14 135 115
894 1527 809 1563
699 1732 860 1847
1044 284 1027 358
972 1347 833 1215
136 1536 203 1477
612 1707 697 1661
1470 162 1634 125
950 1402 927 1273
21 1017 37 1081
107 207 133 58
1426 324 1447 344
776 1117 742 1124
1981 954 1995 882
1275 1202 1203 1311
1381 1673 1407 1820
996 1051 907 1093
797 1366 785 1212
1046 1302 1199 1252
1299 1829 1268 1730
177 940 139 1078
958 708 984 643
1192 841 1103 914
854 1435 757 1519
496 506 656 646
800 447 876 578
629 311 471 338
1809 1242 1790 1266
1156 1398 1059 1379
1823 1811 1821 1857
777 1334 688 1484
127 420 121 577
1426 300 1327 418
1399 149 1448 40
1043 979 1171 1058
1510 335 1393 410
1620 1532 1593 1433
1972 547 1947 636
1137 892 1157 937
1461 1701 1367 1689
1943 70 1915 23
586 694 446 735
446 1814 350 1858
1249 1386 1360 1540
939 1985 850 1863
172 1476 213 1447
1111 973 1022 964
1848 1781 1953 1853
1829 602 1963 689
350 576 465 430
732 268 815 312
514 830 498 861
110 1409 271 1474
2008 410 1912 390
1269 1886 1238 1965
915 1949 1033 1923
378 512 343 486
473 1124 320 1164
998 227 1094 387
307 430 281 308
406 1058 305 1216
274 660 271 652
243 1326 309 1433
640 1880 795 1995
1022 1259 962 1280
1499 189 1657 129
139 907 55 871
1661 849 1728 968
1952 1941 1907 1841
801 637 840 602
921 1609 940 1652
2001 637 2019 621
1689 911 1576 974
13 1382 27 1279
43 495 121 386
1256 1464 1160 1435
1627 1435 1509 1477
855 1543 907 1474
231 1729 311 1645
916 653 792 712
586 752 449 797
501 1842 422 1935
1022 1245 1138 1265
810 1684 744 1734
1256 258 1386 261
280 522 306 447
1767 1973 1707 1875
1038 1226 1175 1240
198 734 193 688
836 1938 752 1949
1522 666 1560 743
1686 1071 1566 962
204 979 187 1013
1761 1847 1630 1692
1056 723 987 625
370 428 471 495
247 1537 354 1600
303 173 449 194
747 1954 585 1976
69 672 205 581
1633 1894 1600 1780
1215 1697 1180 1787
1036 167 1030 210
177 684 42 618
1185 653 1339 636
2023 606 1928 749
1613 1913 1487 1933
1195 1696 1321 1661
234 306 370 430
1494 1098 1622 1083
198 653 51 491
1923 1149 1901 1098
510 770 369 897
953 280 875 289
927 1741 951 1884
295 1379 242 1440
1931 1226 1937 1193
7 586 111 557
960 453 1018 444
1300 106 1276 89
1674 760 1572 630
565 2003 471 1905
1149 453 1211 583
1317 671 1441 579
1150 128 1025 59
543 1957 580 1945
360 681 380 661
1081 1754 1107 1792
541 308 479 403
1661 455 1622 506
990 650 999 688
210 1422 155 1496
563 268 537 187
82 485 118 440
484 1800 379 1727
337 1580 465 1440
111 127 11 272
1714 368 1738 496
1831 944 1728 809
834 1479 852 1334
905 1615 879 1538
1300 1158 1255 1035
839 1814 801 1892
1028 1619 1031 1730
707 620 674 735
1464 945 1607 1036
1495 1543 1398 1436
1034 303 1065 441
367 1541 472 1423
1526 142 1432 94
1310 766 1461 645
159 931 17 946
301 803 386 817
48 1799 22 1710
1443 654 1397 685
901 372 768 523
265 1029 241 1136
1703 1575 1852 1529
1394 1214 1278 1197
1742 426 1604 569
1898 573 1984 420
783 2014 896 1936
1668 1848 1677 1773
1541 1738 1529 1814
773 1652 623 1780
1758 892 1672 960
1001 194 1156 31
928 1403 1047 1289
405 847 343 701
335 1951 497 1937
248 740 329 605
442 2035 585 2022
551 2019 480 2042
937 536 931 668
1935 176 1962 326
1270 976 1227 923
1797 1656 1905 1608
1730 844 1726 821
1203 1204 1335 1168
1375 1767 1339 1913
1055 208 925 309
1619 1951 1638 1972
1353 943 1460 998
1068 1084 1091 1128
115 847 254 833
918 142 941 83
1684 1032 1676 1173
1512 1712 1502 1731
1181 873 1260 988
1673 1314 1631 1276
861 251 988 105
1494 1023 1427 926
1317 423 1201 388
514 441 479 482
1163 1908 1239 1878
326 590 375 515
1872 1722 2035 1818
1099 247 1234 230
1980 1928 1864 1913
1031 704 1150 769
1944 973 2012 813
1550 150 1533 145
532 439 513 538
1741 1403 1885 1434
590 506 581 351
1454 796 1515 754
534 1844 513 1808
408 1256 317 1326
199 1771 257 1771
1613 1282 1544 1419
1574 887 1481 848
1799 935 1700 947
743 863 836 1007
937 1770 838 1710
903 1757 858 1803
1303 2012 1463 1998
274 1667 325 1589
974 187 1044 265
326 1295 255 1443
4 1396 65 1378
1391 892 1504 1002
370 1193 434 1221
1850 134 1992 264
1527 438 1603 533
1909 1602 2012 1722
1311 1516 1400 1496
578 1418 742 1270
1297 541 1366 691
11 1349 121 1256
1057 361 1059 465
558 63 720 28
1253 457 1102 438
381 404 327 294
453 1338 359 1252
502 1603 609 1727
1139 1811 1000 1803
95 871 86 1019
1864 600 1988 695
1100 1373 1131 1275
1250 909 1120 1073
43 1346 65 1438
159 1898 168 1999
1771 382 1865 373
493 1782 353 1872
263 1703 353 1635
1915 1001 1962 875
493 564 657 536
159 874 169 1032
377 1330 441 1202
515 462 512 455
50 1722 64 1790
673 172 746 239
1598 1339 1760 1232
1587 246 1680 217
1695 455 1846 584
1707 105 1580 183
175 525 292 504
341 1801 310 1873
1112 642 1102 755
1041 1495 941 1348
1074 1367 1029 1311
1956 1148 2046 1152
238 641 335 506
435 488 594 452
1909 692 2039 836
605 1989 495 1952
378 311 408 356
1600 5 1716 146
136 1902 66 2042
1048 373 1145 483
681 561 543 402
165 836 217 798
861 1689 979 1547
712 39 818 106
1359 1215 1352 1228
51 1561 157 1691
218 859 178 904
1469 1 1505 9
907 332 910 183
443 1114 475 1025
1526 707 1476 660
1335 1493 1343 1400
1708 1133 1571 1238
1030 1902 969 1819
535 1141 435 1000
1884 1987 2045 1873
1579 272 1735 193
1090 321 1051 431
30 717 40 563
1989 1842 1946 1731
1140 734 1193 803
1230 57 1303 166
2016 1258 1874 1114
1298 1713 1180 1843
1113 1295 1125 1143
1421 877 1373 867
1816 1657 1751 1511
880 1597 953 1555
70 1729 70 1768
152 1784 199 1819
926 872 925 734
1623 1943 1632 1827
1717 1344 1649 1187
285 128 412 101
1389 427 1320 498
1792 965 1862 1007
665 1050 721 998
1831 1007 1858 1118
1145 1783 1177 1867
28 1799 151 1907
308 252 418 282
1488 1864 1425 1935
517 1776 616 1709
459 797 491 736
1901 380 1768 493
184 1123 126 1166
1840 2012 1714 2023
2041 2037 1906 1989
1534 79 1609 49
1260 54 1416 94
1465 14 1336 165
1915 177 1960 108
609 454 565 494
419 1918 574 1959
735 1519 643 1646
1916 1497 2042 1527
1340 742 1492 634
831 715 968 793
1183 1415 1226 1481
1048 1709 1080 1825
256 1381 210 1541
1131 1745 1285 1718
1157 1151 1096 1095
1193 1896 1228 1897
1981 318 1917 182
1327 44 1234 87
1418 611 1306 464
785 419 655 442
1955 357 1842 438
1548 1397 1556 1321
1917 1931 1866 1851
765 1479 668 1417
1323 853 1368 975
183 567 82 509
560 868 481 992
216 1250 286 1210
729 604 674 668
28 1771 118 1651
541 1186 533 1202
1529 1737 1529 1636
1919 348 1925 229
990 1584 1011 1532
745 1662 724 1641
25 2014 144 1970
1446 304 1517 318
1851 400 1795 405
329 927 328 805
539 711 506 596
1759 1096 1858 1207
1579 887 1423 900
643 578 564 733
1196 1377 1132 1255
424 896 512 762
384 1275 336 1410
1634 796 1639 743
1476 1304 1455 1467
158 1122 244 1078
1426 854 1512 906
1580 745 1461 607
794 715 774 748
331 317 448 371
1259 1419 1211 1300
1414 190 1461 168
662 494 507 342
956 825 935 932
1833 1962 1884 1936
246 660 149 717
35 912 155 903
76 1151 195 1142
1454 5 1385 118
547 941 453 915
778 474 719 572
357 597 290 544
1883 999 2034 1136
1696 291 1596 326
1539 948 1377 802
912 1134 854 1075
448 1736 493 1722
942 1652 1009 1742
83 1408 241 1537
507 276 436 392
591 218 476 192
304 884 183 823
1721 212 1557 237
1876 1467 1801 1567
1679 1906 1671 1842
1333 1378 1346 1400
1915 1320 1957 1434
703 761 662 694
1640 734 1697 630
258 1801 199 1702
1176 393 1290 261
1184 1769 1257 1862
1041 558 1176 632
1551 947 1413 1076
177 1215 38 1179
1880 531 1817 599
2014 1260 1983 1324
1909 1673 1914 1763
1790 1566 1771 1551
1680 1453 1543 1292
1363 979 1350 1131
536 1478 547 1406
1632 666 1611 721
1408 1543 1454 1385
1057 595 1130 753
169 1246 94 1308
1738 1608 1726 1673
626 126 691 136
992 700 1056 828
1342 856 1278 937
1963 154 2029 150
1927 1681 1858 1718
963 110 959 244
1119 882 1159 1011
1896 580 1818 737
1034 158 901 149
1353 101 1452 89
1177 1992 1279 1892
381 318 306 329
2007 1481 2004 1624
1851 208 1834 334
1473 1521 1461 1549
312 372 327 433
1870 633 1866 513
409 1295 412 1396
637 1296 769 1423
873 410 712 431
818 904 968 951
1121 1526 1047 1654
939 1143 856 1155
720 823 867 950
1418 585 1411 651
1290 1118 1177 1246
777 1981 668 1908
503 1962 422 1883
1319 1846 1307 1932
1237 1285 1385 1254
1268 1324 1350 1329
427 850 508 736
72 1096 186 1158
325 631 190 733
421 203 523 186
946 791 978 872
506 1670 361 1671
373 52 383 66
90 1827 121 1701
1098 1188 1096 1058
1414 1911 1321 1854
2019 1637 2014 1690
1332 829 1341 975
1370 1341 1521 1183
1704 697 1704 606
816 641 922 668
384 790 437 753
1258 849 1248 885
1807 1166 1651 1128
1875 288 1865 363
600 360 612 208
1792 1420 1890 1441
1368 1638 1337 1610
1623 1385 1641 1519
1232 452 1264 585
1077 1014 975 1173
654 276 628 214
610 876 719 880
1029 1694 991 1658
51 223 32 341
201 1765 268 1779
479 1143 480 1243
1245 44 1160 147
68 1664 172 1813
1911 1419 1866 1450
604 314 733 336
1932 1289 1774 1425
1019 1624 911 1590
264 262 423 158
727 1610 870 1765
1472 343 1370 278
356 347 498 204
988 811 1059 841
736 564 624 609
995 1177 983 1154
1655 1885 1557 1739
1138 1999 1224 1842
1660 508 1647 479
625 2039 593 1893
402 1140 291 1086
1180 1922 1062 1811
2036 1015 1989 1142
1428 436 1533 356
1021 865 1045 753
1358 1871 1463 1885
449 1919 288 1808
1364 1469 1216 1375
630 153 713 135
377 652 384 763
505 80 620 162
222 62 355 113
625 1189 739 1033
964 896 1036 899
1022 1433 1061 1432
1915 997 1909 923
1517 2023 1605 1923
1950 1335 1886 1308
432 209 286 71
1402 507 1401 663
1926 186 1815 182
330 42 303 29
1034 211 1179 232
737 27 726 34
239 278 338 428
256 1586 336 1430
1142 1437 1207 1448
1723 371 1576 462
303 353 404 295
1703 22 1714 20
1971 871 1908 907
1112 188 973 75
1331 988 1476 1009
1031 1652 1111 1575
511 1969 354 2047
678 63 637 1
824 1611 970 1591
1984 1919 1825 1756
1447 1276 1606 1284
1432 1337 1411 1274
690 138 767 119
569 1418 721 1334
868 1141 838 1273
1459 1994 1606 1866
1755 971 1873 1084
1787 1963 1886 1981
1374 22 1419 181
367 486 515 533
1403 597 1487 563
694 1546 798 1486
982 15 865 72
324 239 253 125
280 1235 385 1189
1118 1888 1119 1885
1707 1587 1677 1443
1687 350 1586 504
1151 1825 1075 1914
1351 1025 1476 1167
1684 1453 1752 1344
367 470 520 511
1591 1358 1514 1509
684 62 560 127
1686 1671 1688 1773
289 1232 304 1148
592 2007 500 1988
460 1446 599 1473
871 615 1012 552
1860 870 1905 853
53 1764 72 1798
428 339 485 455
1540 1440 1488 1382
458 221 489 271
13 476 167 391
1216 1803 1256 1850
655 1149 611 1113
504 1468 661 1474
1251 689 1276 812
138 801 155 638
580 738 620 879
1419 994 1314 898
1264 137 1185 88
218 896 160 955
1974 409 2007 377
1989 124 2025 200
505 1254 640 1184
1958 1265 1818 1276
231 197 82 76
1677 1816 1588 1867
984 1603 863 1591
1387 1095 1522 1184
1308 631 1318 484
654 1491 696 1613
1805 0 1942 11
723 1733 865 1860
1290 704 1299 716
1390 559 1240 582
536 1460 615 1543
244 1713 252 1622
1489 1727 1371 1848
1301 835 1203 880
1633 1658 1671 1554
1014 308 1024 416
1737 1325 1878 1353
1759 973 1808 919
596 52 701 176
1706 494 1698 603
1819 1573 1734 1544
1151 1368 1212 1217
1131 1583 1133 1488
911 1995 949 1941
1467 1878 1603 1985
714 1268 607 1397
1219 265 1376 342
1310 1557 1327 1476
672 554 768 715
412 6 258 128
1534 1778 1376 1797
1103 249 1077 344
807 1123 920 1240
162 1452 233 1524
97 180 214 271
1560 130 1403 202
1317 2015 1226 1897
334 900 184 791
644 201 608 304
1835 59 1869 99
267 1435 336 1427
882 827 837 980
2031 1084 2032 1170
252 598 288 735
334 1470 416 1513
1579 438 1619 483
946 716 873 772
635 1450 625 1443
1307 84 1210 98
1790 1274 1891 1257
1529 1362 1599 1364
1196 590 1253 690
354 1137 255 982
497 1248 657 1337
1207 836 1071 967
1196 66 1350 13
1567 101 1428 255
75 578 81 570
901 63 770 209
37 213 172 60
1630 1612 1513 1546
899 1356 882 1288
563 819 494 925
1859 293 1705 199
1467 10 1476 153
465 1881 400 1829
1981 1077 1952 985
135 582 115 541
1289 226 1347 192
1589 1624 1703 1584
1250 1181 1230 1079
1627 1305 1471 1418
158 1852 8 1852
1795 285 1765 169
757 987 813 1039
196 809 115 726
1941 1934 1955 1904
1972 1072 1894 1101
1671 74 1615 119
1876 247 1983 355
1017 1681 890 1557
991 903 1015 1020
1883 46 1895 192
84 1782 71 1824
1315 1601 1443 1718
606 681 505 607
1477 931 1459 1000
937 1161 983 1052
1405 1990 1283 2020
1056 1251 1130 1157
1898 101 1739 200
1768 672 1719 738
714 1504 693 1546
1150 1597 1003 1568
1603 35 1689 110
1613 885 1594 808
1339 325 1279 232
679 181 816 233
1880 335 2044 238
