512 512
2048
55 230 113 181
451 39 497 139
208 0 213 158
498 283 480 246
70 90 47 90
56 271 92 319
328 20 478 144
307 4 419 135
273 420 423 357
492 121 445 61
143 237 43 356
460 47 466 153
254 191 171 253
223 441 190 489
385 18 507 62
18 277 78 176
273 505 277 500
393 320 369 277
183 325 327 381
2 506 73 360
128 414 242 454
455 510 429 432
262 37 100 83
143 253 177 195
296 52 184 69
321 160 159 321
320 322 215 275
133 302 213 294
318 314 376 298
403 208 476 124
202 267 271 169
326 177 208 325
191 337 283 381
455 353 372 314
252 506 403 391
508 345 494 318
64 227 77 142
185 222 278 179
76 375 106 228
202 142 203 144
76 225 126 79
296 136 356 35
40 392 160 372
398 501 487 425
461 26 495 143
107 410 267 355
503 38 343 129
124 31 129 82
109 447 199 290
216 505 328 400
406 337 246 406
119 258 214 277
372 150 437 72
413 143 318 294
426 343 305 214
361 119 208 8
14 24 163 132
371 432 423 355
42 264 0 192
293 477 360 348
70 223 162 92
254 51 200 203
380 386 340 382
427 122 506 260
269 336 261 347
49 78 123 113
340 152 439 296
387 479 322 356
105 379 42 456
138 404 83 352
123 117 114 131
213 250 303 97
428 100 488 42
9 126 96 281
381 285 378 185
378 142 350 287
459 171 480 186
150 336 24 349
340 143 332 192
425 186 277 226
187 269 139 123
352 414 223 347
226 161 136 230
262 398 398 268
356 275 317 336
194 10 124 5
105 27 141 32
176 485 277 331
43 487 128 454
220 175 292 40
477 0 507 49
113 101 33 159
149 386 117 449
321 119 301 3
29 466 165 506
33 386 169 483
95 362 110 241
94 1 31 104
448 455 384 420
46 106 148 146
261 235 356 373
397 268 449 161
495 344 405 366
275 312 345 224
475 197 503 229
455 408 378 497
484 169 447 199
182 16 107 31
174 112 159 59
293 376 144 354
167 396 324 439
323 44 208 16
342 34 250 165
230 237 320 260
338 85 367 74
291 335 282 411
111 218 138 358
300 345 298 459
479 221 376 153
127 92 150 175
155 433 105 326
336 308 351 454
426 223 264 68
145 403 166 457
263 26 288 95
337 158 184 226
133 106 34 11
349 501 354 403
340 458 233 357
159 99 187 233
192 374 209 347
258 265 195 330
137 366 244 239
209 134 257 7
224 153 212 256
477 275 362 220
1 305 112 301
489 55 356 216
427 479 369 440
57 43 195 76
60 144 217 213
291 184 407 34
303 16 326 53
24 401 82 252
374 191 414 315
384 474 263 426
251 257 325 364
242 376 156 389
228 178 239 78
316 112 326 162
221 28 135 189
253 204 223 251
130 364 16 418
204 162 58 65
273 371 223 366
221 258 368 384
508 24 494 172
359 243 382 144
310 370 438 466
107 279 114 320
140 401 258 442
215 186 280 88
236 435 374 416
349 44 385 9
394 2 256 118
86 122 26 43
362 1 209 142
398 285 389 270
211 27 161 191
297 508 330 411
357 472 352 511
386 184 367 77
112 282 210 240
80 198 69 231
243 425 213 497
149 467 163 321
56 89 83 194
128 245 70 348
32 3 48 143
401 49 341 114
503 276 400 147
386 48 474 205
364 176 207 112
57 126 164 263
316 229 297 89
369 312 396 400
122 304 243 293
211 367 289 218
438 170 412 40
235 245 398 184
194 11 177 130
97 263 151 250
171 325 272 396
226 507 344 343
495 93 342 72
287 361 413 358
8 338 55 180
390 94 466 95
433 170 506 247
213 135 172 216
137 298 301 248
237 14 276 63
494 217 481 203
409 51 267 159
24 483 74 458
497 326 509 405
10 329 172 250
498 469 481 337
301 510 227 464
505 52 367 54
430 489 430 433
504 5 409 102
74 233 188 375
262 439 294 279
498 445 334 467
311 147 436 240
308 317 425 471
381 18 452 52
275 379 114 243
490 322 461 360
26 305 38 385
138 319 58 480
39 296 51 212
302 8 321 59
490 366 434 458
3 285 148 370
202 182 316 67
233 93 344 92
500 464 385 507
262 450 182 347
14 263 168 123
403 156 508 218
350 87 233 139
88 183 209 238
390 418 295 477
374 450 260 399
377 210 324 58
19 268 119 333
36 52 168 90
149 482 116 456
208 191 59 127
207 1 311 115
416 192 411 119
311 189 155 269
459 147 481 228
347 283 508 443
282 333 383 479
462 432 476 478
318 156 228 195
82 345 170 187
277 459 431 351
328 148 219 136
284 450 287 377
206 291 227 271
66 56 184 195
221 358 321 210
335 3 403 129
13 479 170 390
475 13 341 172
34 105 48 124
141 474 257 506
356 190 324 144
462 83 458 179
483 124 363 146
148 47 71 146
67 63 161 81
284 209 181 101
123 165 151 17
74 85 180 117
247 311 220 202
425 336 317 481
248 121 250 185
380 382 289 277
176 239 60 251
363 175 369 317
387 140 455 268
302 93 226 196
429 499 310 411
349 475 210 463
235 472 104 435
12 226 145 370
86 247 242 358
389 179 336 78
56 495 186 457
430 98 407 240
442 171 405 324
117 178 224 106
318 302 385 419
352 32 382 47
167 511 36 457
48 168 26 55
369 444 240 305
147 71 52 154
58 316 95 240
505 279 435 246
319 130 230 261
97 0 186 49
367 286 259 263
395 142 400 219
345 449 387 432
3 250 21 401
400 14 342 173
273 460 419 314
342 310 324 454
177 269 225 278
414 206 252 167
241 268 270 290
453 208 322 285
179 317 15 299
104 8 103 61
24 227 5 144
160 148 309 54
312 44 308 123
268 73 220 176
330 420 230 308
170 21 334 160
44 170 162 53
121 123 7 16
338 186 461 143
447 35 301 64
212 3 78 102
32 401 124 278
350 131 349 29
105 85 221 82
151 459 312 424
385 49 295 123
119 200 148 249
479 346 440 316
472 42 480 7
87 124 14 215
118 424 275 366
384 334 351 332
71 162 20 141
99 278 163 233
186 169 349 77
482 299 411 261
218 168 321 56
251 486 247 356
123 68 85 39
255 492 279 508
113 434 117 340
302 289 287 149
203 214 68 357
109 480 187 492
5 330 75 451
390 239 322 388
332 378 484 458
448 483 449 324
418 115 437 11
253 352 126 387
353 224 396 238
67 415 75 288
138 274 202 358
440 430 429 346
174 21 153 13
411 133 301 17
328 426 329 282
349 449 295 325
466 181 402 341
496 361 335 226
0 314 68 241
363 329 294 449
240 14 357 5
473 160 353 78
331 439 384 433
54 6 193 27
506 218 403 251
483 498 403 372
164 438 128 300
12 276 47 435
487 239 443 279
386 500 305 347
202 66 182 140
505 268 371 347
191 347 35 362
333 11 353 114
80 302 182 369
446 501 421 447
176 435 252 393
145 69 241 182
260 294 277 293
368 256 219 258
406 21 475 45
81 416 27 302
181 130 26 191
288 23 397 85
245 22 210 160
495 3 408 148
262 204 287 91
370 102 327 191
57 383 104 466
121 51 256 172
420 497 472 507
500 32 409 172
147 78 201 117
217 124 183 199
174 390 102 347
290 179 393 23
312 363 247 349
373 114 358 82
297 361 154 263
295 284 349 291
250 159 258 234
112 498 168 392
123 70 60 195
471 368 502 320
337 412 402 355
474 334 410 263
179 465 235 432
183 213 156 197
381 136 508 286
2 91 87 216
316 400 345 491
483 172 465 50
381 374 472 361
266 231 105 170
123 429 26 280
158 437 150 314
8 314 97 292
414 202 277 135
474 88 377 169
468 260 309 419
456 88 483 140
223 65 164 135
505 133 362 189
74 217 82 252
210 124 214 194
437 82 370 29
363 494 320 413
69 39 22 130
360 426 457 472
394 343 265 245
257 62 335 67
175 80 197 135
402 465 381 427
380 229 361 166
274 312 115 236
420 442 431 484
257 92 100 153
352 86 493 247
78 224 69 127
304 260 467 252
183 242 314 236
485 418 451 367
264 134 201 44
438 400 409 370
61 311 186 353
242 248 296 95
138 34 44 155
413 119 480 273
59 292 175 416
1 247 138 305
445 4 298 33
452 426 288 351
24 284 165 129
62 504 98 429
166 83 238 144
255 389 155 402
160 425 92 432
168 442 294 392
350 190 389 47
12 140 27 215
337 330 403 447
310 185 300 153
4 348 48 469
252 500 230 418
335 207 258 331
458 262 448 169
290 438 447 451
38 497 178 439
34 232 5 104
301 228 259 126
171 72 153 67
453 95 375 215
166 338 281 410
373 177 391 321
322 420 275 422
41 225 11 215
312 390 295 440
357 111 307 58
364 405 505 319
261 426 138 403
314 67 249 37
174 277 83 235
383 61 355 52
408 76 291 128
23 186 59 77
99 363 182 211
411 411 490 363
493 368 347 386
503 376 465 465
101 194 253 192
214 60 232 15
268 489 323 420
109 399 241 297
53 181 96 148
487 322 450 379
270 53 275 48
152 427 96 275
67 226 78 359
440 88 416 182
390 329 327 204
298 174 203 86
507 62 432 158
104 419 104 348
76 385 154 225
107 263 141 102
79 328 170 315
256 483 392 358
352 400 417 502
275 443 248 381
416 511 351 463
207 135 251 190
301 147 181 183
281 150 348 50
214 304 133 193
276 221 350 196
426 236 266 163
249 337 407 183
349 259 450 196
444 254 451 102
234 254 199 287
310 292 195 149
254 406 161 384
19 127 27 79
218 253 327 250
446 94 414 181
233 358 355 352
413 197 349 237
288 496 254 381
183 320 228 316
130 89 231 123
346 153 490 60
247 250 312 119
383 373 303 384
414 163 260 8
122 47 282 139
288 307 450 309
231 395 97 438
330 424 200 491
88 438 96 507
424 217 486 66
15 333 34 235
502 43 473 105
293 72 443 137
61 482 13 329
448 392 387 482
120 448 149 322
433 311 272 256
138 89 166 95
369 435 418 452
436 389 405 318
179 173 22 307
261 184 358 269
297 243 450 401
306 188 325 179
98 448 69 348
156 189 195 285
342 420 431 416
235 272 225 185
394 275 258 120
182 17 49 84
488 493 324 471
429 297 429 337
240 235 201 75
495 338 387 481
129 275 111 154
181 479 308 368
224 318 291 396
42 289 56 160
210 14 297 153
406 267 342 159
195 319 158 238
332 223 293 316
146 106 191 147
236 188 344 185
493 55 403 68
135 402 247 244
128 413 187 478
244 431 288 472
436 346 397 403
259 31 360 146
61 69 163 161
185 418 133 317
419 93 465 115
346 329 231 266
296 476 452 434
326 49 276 46
363 426 380 387
28 151 83 187
276 119 261 149
314 500 383 336
129 54 200 159
438 250 304 135
377 113 327 81
127 177 133 17
173 379 107 457
288 315 426 393
231 314 380 208
85 377 107 500
430 505 470 395
321 500 215 343
133 362 151 349
254 226 380 299
317 194 361 333
193 179 342 153
252 361 302 242
67 253 36 374
257 287 286 277
202 24 219 171
112 169 194 162
454 271 420 119
428 261 465 360
27 287 1 392
313 457 307 453
488 412 490 343
342 106 256 68
80 397 39 280
297 440 294 483
238 313 143 326
167 144 140 182
78 312 63 436
118 296 40 195
420 326 265 275
297 339 381 391
495 397 423 409
99 61 66 97
234 195 327 262
242 397 342 248
104 24 49 99
90 503 51 484
64 129 143 276
145 107 124 265
238 262 178 316
166 255 83 110
169 98 29 176
167 249 134 300
39 184 72 173
220 149 156 309
403 506 505 372
378 66 272 91
281 305 246 147
469 284 342 222
143 165 253 45
221 443 367 319
444 144 436 85
423 4 423 152
351 7 417 75
480 451 420 476
101 254 221 414
409 306 251 397
14 318 149 423
28 463 73 353
72 254 150 295
368 215 482 76
301 186 386 103
126 368 100 476
246 59 335 161
276 246 314 315
261 399 259 373
32 99 109 146
149 384 16 333
52 317 37 215
266 198 123 206
364 504 461 500
312 188 262 140
404 122 309 69
230 289 170 245
0 330 46 246
239 106 143 214
115 364 54 469
377 221 235 214
92 79 169 142
327 195 183 286
146 391 85 393
286 8 160 21
243 133 352 106
241 253 151 170
449 19 449 43
90 270 222 242
414 434 493 407
413 203 466 313
367 414 504 473
173 143 331 94
274 490 309 344
255 219 346 254
381 118 311 80
209 463 322 306
164 375 260 400
385 236 444 314
126 328 202 488
200 444 156 482
349 258 353 271
380 346 286 381
16 295 36 317
327 491 171 460
398 268 468 184
100 122 199 222
501 101 473 61
119 358 81 507
306 276 378 386
40 98 35 83
271 264 169 126
42 149 205 107
37 311 94 321
418 341 357 356
159 127 124 160
226 15 137 17
0 292 128 452
366 135 402 252
284 491 388 374
56 252 184 159
107 4 59 134
57 150 58 176
49 114 75 115
430 101 361 70
462 498 313 344
257 242 181 88
27 501 5 413
489 428 405 371
153 13 249 69
106 455 26 478
277 452 130 306
508 507 362 457
172 466 327 437
57 143 153 299
440 173 506 175
466 163 413 53
493 332 343 383
308 494 152 365
467 231 473 377
454 9 339 51
20 465 167 306
239 354 304 450
156 175 188 187
439 174 419 113
184 189 212 262
40 423 116 274
39 11 190 57
137 343 122 441
100 441 158 487
326 243 221 92
442 124 507 28
254 497 162 479
427 470 342 310
293 446 393 370
412 221 325 112
0 278 65 346
137 119 271 124
97 316 192 289
218 410 231 335
431 510 467 489
31 157 191 246
431 158 272 224
292 468 348 333
4 434 125 293
366 44 335 3
202 480 346 321
104 233 82 99
483 322 485 341
41 342 47 261
342 336 450 455
267 365 357 463
414 59 316 85
35 15 81 39
413 279 511 438
444 67 488 93
296 55 407 174
443 201 504 107
349 209 431 195
137 213 134 349
408 507 439 489
154 8 73 120
32 232 94 84
106 112 144 150
71 115 102 219
458 256 487 372
85 422 177 297
281 382 347 442
302 141 332 148
7 420 5 409
38 119 21 264
347 425 241 478
147 392 129 473
287 384 159 383
91 58 64 61
509 379 511 388
459 344 443 424
4 372 136 303
397 209 490 135
490 12 460 140
324 340 270 273
217 399 341 455
350 354 200 424
420 384 349 288
11 351 120 351
208 307 115 365
368 484 317 432
32 122 157 52
118 234 149 282
309 495 417 336
335 309 287 330
505 234 505 301
367 497 391 365
156 323 0 196
470 127 349 187
472 508 386 502
89 133 208 228
104 22 170 23
455 226 354 359
493 81 449 62
140 237 0 225
185 119 314 47
440 6 481 169
343 138 462 213
241 409 246 415
509 260 407 180
416 54 294 173
418 169 395 300
459 203 448 286
205 14 280 24
255 157 114 231
127 379 166 388
113 436 123 348
41 95 74 203
2 303 95 456
404 235 340 293
133 21 115 42
15 455 65 336
398 22 446 74
508 227 380 324
466 429 428 497
92 501 224 377
39 400 170 283
240 141 254 59
102 97 217 149
292 189 417 289
222 448 118 320
481 168 475 241
217 104 355 18
388 90 296 78
306 299 226 233
338 202 411 302
347 7 304 143
428 96 425 94
434 348 315 305
20 119 90 155
281 92 150 83
341 278 275 360
175 284 180 169
389 327 440 259
375 292 385 225
373 321 392 296
250 253 290 373
60 261 93 354
480 318 467 167
123 442 39 387
298 328 157 314
358 479 493 506
188 92 327 48
391 405 393 485
457 273 366 133
324 279 233 165
171 404 78 268
374 431 246 269
152 318 32 279
77 352 49 372
40 14 40 92
469 387 444 252
473 126 364 22
144 270 34 392
338 181 279 305
427 442 380 456
168 435 5 419
440 182 507 93
364 430 314 307
8 451 148 318
312 467 364 329
389 494 391 447
262 385 185 319
82 447 212 444
401 329 486 410
355 437 325 310
148 186 96 147
402 450 399 420
94 462 234 480
438 59 326 183
158 157 163 166
508 158 476 62
185 75 287 186
482 199 385 300
503 7 495 114
406 187 415 329
463 360 463 295
486 295 374 266
378 457 441 293
10 358 166 296
110 328 257 197
437 388 393 450
443 93 287 6
115 358 15 382
30 232 102 392
503 502 456 363
16 221 54 325
410 217 267 179
103 202 93 188
20 325 134 426
441 457 283 318
231 240 110 142
300 409 282 435
216 182 278 93
54 51 54 173
278 354 314 192
232 284 312 173
159 259 91 239
419 362 392 368
384 311 455 380
449 423 309 464
149 78 21 74
28 493 139 335
287 196 312 334
104 361 207 280
145 329 208 321
473 227 418 342
137 279 5 369
498 214 362 136
393 309 355 374
429 146 344 95
383 135 507 183
186 72 71 41
409 476 391 342
50 411 26 308
93 122 245 250
355 149 227 61
100 233 39 254
237 88 335 157
37 457 34 407
205 20 183 86
20 509 133 446
111 416 248 480
102 269 228 296
484 402 363 342
464 64 391 174
329 377 329 438
220 293 141 135
450 442 345 312
132 354 271 416
429 193 394 206
444 391 478 321
356 37 213 115
231 304 343 422
206 65 245 112
304 38 362 179
456 153 460 263
444 107 351 172
244 278 319 125
20 364 76 369
195 64 261 96
314 436 169 391
485 137 450 293
221 209 364 72
154 67 163 90
60 318 146 212
408 94 262 115
90 443 243 303
76 389 177 232
470 75 441 105
228 197 153 108
366 303 285 192
117 469 183 427
390 254 331 393
7 413 12 380
193 472 114 359
319 249 318 263
345 341 489 237
37 18 164 28
82 397 143 267
285 194 400 155
446 294 459 390
366 386 479 354
66 36 65 126
436 52 445 30
106 187 44 101
457 116 312 144
125 257 216 201
396 152 409 31
361 433 360 377
384 45 321 104
445 297 471 227
120 9 10 75
180 284 63 288
271 273 264 406
299 145 311 59
100 269 122 284
24 250 102 304
422 80 350 216
326 419 338 294
353 206 347 268
164 104 194 128
352 14 190 99
438 131 439 181
150 186 79 296
352 290 444 170
42 196 123 55
336 420 483 471
344 114 393 118
365 451 370 453
325 508 277 466
184 460 240 343
141 503 189 395
274 167 414 143
464 217 300 121
324 44 224 13
260 81 344 113
438 416 303 415
197 470 344 349
387 220 345 305
465 458 477 484
42 455 166 501
510 62 386 36
29 229 56 283
371 82 490 23
66 45 221 63
234 55 161 78
441 92 328 83
155 263 66 385
207 342 330 264
463 278 348 303
182 130 284 12
372 416 340 483
469 162 411 292
221 70 250 206
503 72 378 2
299 408 268 501
350 414 315 379
197 349 354 314
310 337 175 198
172 49 247 79
124 253 157 336
332 361 310 416
252 65 369 106
304 48 146 27
137 430 126 308
143 494 157 496
108 461 32 485
463 471 460 351
478 252 344 320
329 41 468 83
433 366 327 321
240 102 84 34
249 419 232 442
412 167 426 277
312 392 470 235
287 113 173 137
152 509 264 397
480 87 360 109
86 405 172 503
469 286 410 144
213 500 321 458
342 448 320 299
364 84 400 87
296 11 387 112
489 278 346 299
322 490 419 468
86 260 88 382
259 496 208 370
455 192 379 137
191 200 326 182
269 501 139 482
316 251 382 209
418 167 304 160
440 318 473 298
455 448 299 332
235 150 316 81
439 256 428 392
394 90 394 135
174 271 22 211
385 496 266 345
404 319 498 416
328 428 206 429
243 349 224 206
120 244 133 344
29 72 181 32
159 360 38 428
496 448 505 445
122 55 144 183
199 443 81 387
489 136 500 291
105 337 15 307
29 216 25 327
30 91 92 73
509 34 365 45
211 408 305 344
138 164 171 293
405 277 275 315
277 271 358 320
330 90 292 189
87 55 129 77
307 357 347 403
34 434 198 318
238 173 385 236
62 130 132 197
455 146 500 102
247 128 125 292
105 254 51 376
506 336 413 343
253 479 324 367
398 412 297 419
101 436 201 430
273 260 233 259
221 458 213 314
363 147 203 76
155 442 37 455
472 3 389 60
504 229 369 176
219 92 198 216
253 231 407 351
2 407 95 464
302 463 285 393
180 398 342 305
317 295 467 434
23 108 57 151
432 337 435 275
265 442 230 384
324 332 392 255
501 386 510 416
326 232 212 127
368 125 509 177
183 364 177 488
195 418 166 490
187 75 184 87
414 182 308 210
239 130 343 199
302 410 376 348
282 474 171 493
471 309 410 332
110 320 240 450
178 471 316 404
285 398 329 463
235 440 233 376
77 242 86 85
386 58 481 189
264 176 355 275
48 355 16 363
58 181 61 213
85 134 139 155
51 479 81 468
406 33 367 129
291 323 344 296
137 43 22 138
320 4 228 55
354 92 412 43
441 416 432 507
121 421 212 405
210 292 361 428
391 466 498 323
275 344 152 237
442 342 471 187
37 152 145 84
48 198 144 324
330 130 318 224
460 469 468 486
302 176 466 151
205 118 249 112
204 155 191 171
88 447 72 463
28 200 96 194
49 29 51 118
461 114 396 135
275 185 320 232
265 169 209 95
259 142 242 247
137 306 76 149
109 437 67 447
131 339 287 304
46 77 89 158
304 256 281 160
267 467 305 418
450 8 361 80
410 496 479 353
139 272 55 381
135 306 174 373
12 109 119 128
509 294 426 199
482 162 375 88
2 444 47 328
343 198 256 272
291 144 328 100
71 189 23 337
106 16 103 117
476 62 385 175
62 370 24 494
354 47 302 23
194 399 122 461
223 440 236 293
15 437 108 370
27 307 7 227
237 39 110 46
219 232 97 368
106 191 257 332
45 76 100 231
85 106 69 226
341 481 369 465
252 489 318 457
221 75 310 30
475 188 479 257
61 68 84 67
272 323 209 483
51 436 155 509
466 167 385 226
145 300 69 395
184 128 143 278
90 4 63 112
0 417 148 362
284 412 360 400
66 380 229 340
331 3 433 69
73 84 101 30
210 273 340 122
202 481 296 332
316 81 439 20
207 323 100 475
43 93 3 251
205 419 141 283
2 87 19 115
158 120 271 187
461 199 497 102
151 185 40 287
340 177 287 273
90 261 111 421
145 264 65 413
0 202 157 112
264 212 187 296
98 314 63 247
157 264 36 391
189 167 351 111
453 84 352 179
319 206 255 183
303 301 300 444
202 375 119 424
440 385 456 498
358 80 225 158
343 29 340 190
314 102 443 212
292 18 425 38
169 245 159 319
28 128 123 64
411 317 255 280
224 59 259 79
358 258 319 108
189 138 116 84
355 470 377 506
443 2 290 54
503 66 391 144
288 276 447 401
203 13 137 80
229 270 210 414
358 63 337 36
403 238 484 162
422 24 508 86
424 328 286 288
501 413 479 339
497 450 444 343
478 70 361 63
48 378 54 504
285 266 316 283
257 398 103 439
270 453 348 348
312 443 318 434
80 233 23 204
241 100 116 155
485 507 465 390
437 348 346 326
489 20 393 139
494 372 342 451
486 18 364 55
402 361 484 264
403 110 262 205
100 247 229 274
21 127 180 166
420 214 373 246
384 314 449 452
71 335 59 217
199 176 116 37
53 54 125 75
386 502 266 357
172 412 224 428
55 471 62 394
349 426 487 304
388 30 331 14
10 94 19 58
344 38 394 178
170 509 122 469
211 281 238 246
267 474 337 437
308 235 467 231
448 49 367 188
109 169 158 167
438 247 398 270
139 352 168 501
0 2 30 126
463 448 496 489
248 47 173 139
328 445 345 330
239 305 78 315
108 489 87 474
97 176 132 190
389 156 437 110
135 315 110 454
208 506 360 445
286 173 435 152
154 50 88 123
311 444 318 420
325 68 203 108
197 96 159 76
421 71 502 164
262 414 136 351
243 378 225 328
94 427 84 400
53 188 100 84
2 292 112 429
153 423 250 426
140 295 149 441
394 299 271 298
17 462 173 416
9 400 29 367
207 268 48 297
108 208 109 125
215 174 333 263
160 244 211 325
453 213 496 230
253 140 383 47
244 333 301 303
63 135 212 153
197 183 285 28
74 394 138 411
504 459 464 383
167 110 137 238
29 184 38 285
3 344 40 433
156 350 183 382
457 156 395 283
163 78 57 172
228 136 178 64
389 37 404 200
318 62 410 108
444 173 410 82
360 463 297 474
142 131 176 245
52 279 33 146
141 159 13 58
412 259 387 147
433 275 375 408
275 220 152 242
68 124 204 102
58 340 124 321
246 480 290 323
341 135 341 108
180 332 262 229
224 360 236 316
471 149 485 178
140 34 188 0
41 55 149 112
388 415 375 510
190 70 85 194
334 456 442 366
370 58 454 94
395 219 491 226
348 228 280 252
201 181 108 176
304 436 293 465
10 52 82 147
16 246 96 221
444 460 487 330
297 330 366 175
376 308 281 178
262 2 415 116
387 381 410 303
25 443 152 481
66 338 107 463
373 295 407 183
13 344 144 274
108 219 92 348
422 417 357 290
376 475 370 358
229 353 154 294
356 237 476 176
260 430 236 323
309 74 375 186
463 395 433 240
501 428 471 275
113 173 178 233
152 213 199 57
207 15 336 4
56 436 106 480
221 442 73 318
84 319 19 433
110 458 167 295
460 41 442 186
99 398 108 484
156 69 121 61
378 61 250 160
139 176 229 289
102 40 59 99
117 430 34 385
36 197 116 146
255 95 213 97
478 231 496 327
273 166 272 86
146 102 116 92
380 238 261 334
209 267 246 166
290 491 390 435
96 158 200 213
390 477 455 363
470 25 380 153
103 30 41 90
342 202 451 252
62 472 86 437
312 43 386 192
42 151 79 206
417 480 334 498
56 221 67 248
210 296 281 446
24 246 35 272
427 446 365 334
407 36 466 19
454 211 335 251
280 13 400 108
164 208 175 258
364 293 489 337
268 265 236 240
130 464 92 301
176 406 298 377
428 414 394 471
289 96 426 220
402 140 455 125
161 257 0 121
78 509 100 498
205 379 236 220
481 449 398 432
419 278 393 366
267 344 420 477
1 392 23 437
161 247 158 122
361 172 297 116
325 463 306 338
372 410 358 267
231 80 107 159
486 334 508 238
45 337 196 317
409 399 262 254
491 505 405 416
96 366 221 211
391 342 361 282
367 460 272 341
180 498 198 416
202 40 137 99
422 309 453 376
352 299 340 312
84 427 84 359
315 482 206 391
87 353 58 363
302 63 140 132
212 7 48 50
181 13 288 123
488 290 325 163
233 131 350 284
223 67 374 73
341 191 347 105
15 44 162 87
166 193 231 224
20 283 110 131
95 419 110 505
66 3 183 40
501 242 428 109
133 383 222 274
247 278 135 172
5 350 75 275
250 480 326 340
485 436 369 354
386 1 419 5
183 409 89 510
439 400 413 252
258 131 202 15
322 298 328 320
214 465 193 389
343 320 405 283
27 484 69 404
348 51 490 143
68 3 60 60
61 213 15 68
42 98 146 140
59 357 3 438
106 5 175 64
380 10 450 111
13 481 157 449
58 9 108 84
245 202 208 97
476 433 472 282
238 323 382 355
270 75 221 237
235 333 133 306
176 345 268 320
498 409 391 459
380 11 284 89
489 445 406 408
216 357 147 467
486 419 491 286
99 203 55 294
325 256 198 391
169 439 36 388
116 1 219 15
506 403 485 400
33 154 49 112
406 128 480 212
141 468 62 370
323 142 275 245
145 389 78 428
56 275 24 149
287 133 227 134
108 11 117 68
371 346 444 435
456 305 386 365
311 160 424 212
274 60 198 169
156 459 18 381
353 336 285 424
478 400 386 350
33 51 144 150
120 198 14 155
457 424 470 270
352 61 393 179
87 243 192 313
412 179 273 122
340 51 335 188
44 337 60 215
67 97 105 179
502 112 484 95
474 276 498 292
47 425 135 505
472 13 318 56
68 278 143 158
405 121 439 181
164 214 308 369
329 401 292 484
79 385 152 445
360 93 413 94
277 426 130 302
312 13 301 59
220 305 355 262
45 359 15 404
166 410 158 334
490 157 391 170
101 3 195 109
26 489 85 481
169 131 274 205
442 6 324 170
203 65 313 197
463 222 473 210
329 52 300 17
387 493 223 370
59 255 117 404
8 353 12 344
244 434 197 487
182 217 70 272
344 183 251 71
504 136 429 77
450 398 502 498
443 385 422 321
136 289 54 327
363 192 384 157
385 317 467 375
441 154 451 85
397 458 258 450
122 62 94 62
36 360 155 244
13 475 61 409
227 423 239 259
296 244 437 118
5 435 48 399
96 207 241 161
471 441 424 445
344 47 189 109
366 254 439 347
60 490 178 409
493 371 418 455
20 301 142 230
107 362 78 335
269 500 369 502
393 283 234 299
344 68 497 106
127 235 63 133
313 426 379 348
474 134 370 159
12 482 73 416
185 139 64 258
355 480 375 371
300 315 301 476
99 40 200 158
381 111 458 194
170 458 112 302
374 378 215 430
327 405 476 358
20 299 145 277
318 113 475 193
37 195 195 63
352 290 347 389
31 65 118 102
358 150 441 94
250 219 179 319
166 0 17 139
164 440 300 420
107 236 101 394
0 99 75 17
331 136 486 237
210 435 188 394
261 293 164 196
507 2 448 110
498 52 359 114
330 475 312 358
382 16 318 100
283 265 266 236
91 91 164 179
442 278 442 133
223 310 79 440
152 455 73 391
250 468 104 339
434 361 445 468
136 157 142 121
190 25 228 165
50 287 137 165
0 278 100 326
125 159 132 5
214 181 354 44
216 160 319 5
224 18 325 15
432 204 334 44
415 289 338 445
55 294 194 175
475 252 466 200
110 270 5 146
464 501 370 342
123 133 116 258
494 32 363 32
495 25 346 117
509 139 509 89
42 51 185 110
404 406 306 262
179 228 119 166
329 309 290 450
38 493 178 488
27 467 178 504
54 292 110 394
369 105 437 112
343 309 322 184
321 189 434 131
206 279 69 411
179 107 108 140
385 182 413 295
122 440 118 452
390 282 466 278
97 379 47 438
151 399 287 374
190 145 278 175
296 18 269 36
334 396 221 450
481 178 389 169
113 85 39 161
357 449 432 473
134 430 84 328
487 368 387 211
401 173 445 17
330 411 349 403
58 387 124 268
67 357 135 283
4 154 156 205
408 321 436 251
144 365 162 504
292 243 181 335
489 336 490 417
288 454 436 387
234 396 176 446
388 475 503 381
321 287 364 228
405 348 415 244
423 275 493 123
226 313 326 188
64 75 198 1
268 8 152 43
399 174 468 89
308 170 271 102
116 145 80 288
6 237 158 130
222 166 73 306
495 47 352 61
202 168 96 50
189 458 203 451
156 502 248 449
284 221 203 360
120 146 272 285
36 126 138 27
361 145 257 170
95 42 186 56
170 19 138 76
503 111 340 251
425 453 484 414
505 330 507 353
38 156 24 291
466 45 394 50
86 111 119 89
476 277 493 247
147 309 87 401
5 475 9 331
384 378 315 442
467 161 472 91
439 337 407 306
219 205 252 228
36 341 160 475
329 14 389 67
123 374 247 329
504 150 343 269
250 444 293 293
394 81 500 212
277 3 136 69
277 337 390 270
196 300 79 226
322 424 347 404
466 473 460 454
372 318 449 350
363 123 233 27
338 268 497 253
138 348 248 489
109 127 40 120
218 333 185 409
23 480 164 376
274 464 394 503
505 250 405 277
107 171 114 30
121 466 118 322
400 213 452 156
177 15 75 83
439 147 422 68
36 178 191 312
236 159 151 128
23 9 8 85
228 325 379 344
453 196 400 288
402 176 298 35
501 151 416 10
263 259 330 196
315 503 359 344
393 496 274 506
447 318 306 397
51 207 93 163
496 232 467 295
473 61 371 33
124 308 47 182
132 93 51 107
222 289 273 452
118 508 160 483
104 121 127 95
442 307 461 368
507 279 501 244
125 298 44 196
140 103 234 9
379 244 230 400
277 244 255 367
55 302 147 400
352 394 411 416
397 62 418 60
125 367 161 334
366 44 375 61
75 416 37 274
300 206 139 136
31 14 162 100
101 133 36 209
265 227 208 173
435 321 367 242
501 119 440 182
284 367 327 211
16 137 67 268
437 150 467 14
146 152 97 28
172 140 261 18
224 360 62 329
145 133 59 215
297 325 266 232
287 441 319 443
89 415 200 321
442 194 294 81
173 28 210 118
176 407 229 422
295 142 304 81
130 21 85 122
411 106 343 164
295 479 262 378
199 360 250 423
300 439 326 332
170 79 163 167
376 297 345 301
148 79 96 93
40 198 35 134
465 52 458 5
274 264 406 186
193 461 114 380
219 340 302 324
407 62 327 191
427 25 293 179
0 314 127 428
54 4 22 5
491 198 392 299
304 154 350 272
492 201 394 304
378 305 243 290
461 273 464 410
368 8 322 160
455 369 414 493
189 495 32 363
133 18 282 175
509 88 366 152
277 77 270 128
338 312 360 311
337 57 292 32
185 289 323 190
320 269 347 311
150 46 104 148
121 35 121 63
382 149 463 199
137 112 0 217
355 162 280 32
417 500 402 351
214 37 70 171
384 287 263 419
278 74 350 51
322 486 200 484
200 282 337 426
459 340 336 372
39 476 162 370
62 157 67 282
35 481 118 431
314 125 437 140
332 12 235 9
122 240 202 107
141 224 44 109
196 133 293 109
342 296 502 153
484 248 338 266
13 299 133 354
476 315 503 364
205 426 85 387
121 348 5 205
50 502 98 383
177 32 64 157
368 411 481 417
252 494 356 337
53 224 30 295
377 136 322 67
14 220 158 335
460 22 404 97
193 287 298 204
446 79 429 143
204 94 92 249
88 63 157 24
121 156 46 27
260 79 212 147
133 24 201 1
492 452 488 510
392 304 315 188
142 478 302 424
30 225 111 183
277 289 371 222
511 299 445 279
456 276 486 243
295 12 301 48
101 63 103 107
22 409 79 425
239 500 92 345
243 151 363 11
248 208 398 59
452 349 445 220
427 455 469 418
419 52 287 127
318 107 430 146
82 304 174 221
109 188 121 40
131 309 3 212
407 95 250 169
484 405 486 503
480 49 498 117
446 138 368 4
403 302 282 357
466 265 462 127
423 275 458 205
167 153 175 92
204 510 128 459
477 246 443 242
27 256 169 361
410 485 397 435
242 47 283 161
114 151 167 78
49 174 161 331
242 87 339 179
255 197 281 124
425 346 261 248
224 135 250 43
268 364 426 250
152 449 57 427
458 498 447 404
209 228 324 140
319 338 333 490
445 421 409 409
148 295 204 378
465 452 364 312
387 58 426 215
151 131 307 228
403 370 304 501
246 154 102 143
27 44 116 55
393 0 398 96
137 130 110 93
499 443 478 386
448 329 296 299
252 381 416 444
217 13 225 100
124 359 58 299
19 250 20 208
452 422 402 360
18 268 51 275
500 44 492 151
288 286 355 306
365 450 418 510
337 425 229 412
25 192 140 265
198 284 249 362
360 71 357 214
78 223 138 115
427 192 439 129
180 174 22 303
511 393 397 242
114 477 248 461
101 470 88 414
378 425 463 492
437 319 398 402
496 50 418 116
180 54 328 153
472 135 423 12
27 54 39 9
91 381 9 359
461 232 315 158
470 445 475 397
438 152 356 193
248 505 86 411
251 481 308 369
479 264 404 288
2 426 67 476
178 242 83 355
360 498 434 495
220 55 369 90
341 194 481 43
73 173 114 176
489 34 364 73
124 239 97 164
281 251 235 199
172 101 233 14
431 304 488 424
56 484 145 368
145 271 113 154
181 384 286 480
356 163 391 13
242 211 391 170
466 104 363 266
363 500 449 437
388 496 262 356
387 245 302 274
120 71 251 220
478 345 412 433
17 1 66 18
504 177 430 210
16 385 129 300
165 215 295 333
218 44 139 33
149 354 64 298
375 110 213 235
145 175 75 123
114 145 38 10
445 204 367 119
440 499 338 360
73 24 143 124
198 53 343 148
143 393 249 487
452 244 497 397
167 285 275 350
80 152 170 253
261 291 265 196
259 373 196 395
204 170 122 212
68 47 55 100
471 67 455 91
276 404 439 505
503 170 494 186
154 305 222 320
370 363 325 293
289 382 397 310
61 65 66 159
499 156 507 68
275 302 111 271
337 356 308 299
158 103 158 25
153 395 84 245
170 476 298 328
403 281 395 426
458 143 472 110
183 436 221 336
176 368 74 346
446 232 393 344
407 181 474 327
379 239 306 253
123 329 279 421
206 448 227 402
246 417 328 419
188 229 154 261
338 203 286 278
128 296 55 264
508 359 501 412
322 354 208 333
475 271 473 409
480 224 489 348
452 278 477 209
19 469 155 369
263 171 293 36
11 78 13 119
109 254 113 209
102 362 73 392
403 67 275 34
135 388 266 409
354 308 278 359
383 314 386 285
475 413 392 292
77 338 138 497
137 13 231 121
77 427 108 408
153 11 15 154
48 123 46 283
355 208 295 231
55 93 60 175
52 389 137 289
113 303 89 459
