8192 8192
2048
6306 1951 6255 1968
4889 2365 4772 2446
5135 2275 5151 2138
3397 3529 3499 3469
6371 1969 6491 2109
7532 5631 7478 5553
6120 6544 6196 6392
3928 2244 3878 2217
1367 2993 1490 2931
3023 30 3017 105
5621 41 5489 165
1443 4643 1526 4807
5940 617 5840 629
2694 4061 2633 3929
4430 5466 4334 5524
4745 6083 4829 6140
2054 1515 2179 1541
5376 1540 5291 1604
4301 2735 4455 2621
1999 6952 2027 7051
7574 2551 7635 2474
5829 2511 5807 2514
4926 6755 4769 6625
3859 5743 3933 5837
4665 3029 4745 3181
7865 7768 7961 7630
4309 908 4269 767
6629 4363 6508 4325
2126 6144 1996 6000
327 7720 192 7640
5771 1150 5825 1231
653 4121 612 4062
6635 5498 6678 5655
6240 5167 6243 5258
7899 2331 7978 2212
1324 2626 1337 2681
4980 4892 5027 5009
1885 1825 1738 1977
1698 2113 1691 2001
7019 6033 7042 6078
4713 3483 4873 3345
5922 5896 5827 5950
2523 4966 2384 5091
3506 6664 3427 6663
924 8100 926 8079
2106 7793 2012 7786
2839 6196 2746 6202
1941 787 1982 876
5139 6179 5128 6080
302 3112 431 3066
2721 4098 2779 4181
443 5528 334 5458
6814 1955 6715 2045
7154 64 7067 147
5653 957 5642 993
2965 7774 3083 7693
6335 2099 6440 2202
5829 7546 5684 7449
963 2167 1072 2216
240 554 384 542
6895 4958 6843 4896
3834 7563 3706 7420
4192 1411 4327 1460
1907 5055 1820 5106
2822 1989 2676 1838
3046 4876 3076 5013
3467 6372 3448 6439
7582 3237 7426 3262
6594 1507 6680 1551
3054 4167 3062 4020
5302 3646 5198 3788
7818 7991 7711 8076
6185 8148 6247 8120
4953 4859 4918 4979
1808 4470 1742 4482
3315 4227 3193 4147
6842 6819 6749 6701
7697 5928 7680 5914
6753 317 6886 307
7939 8173 8086 8067
1139 4346 1166 4366
3343 5080 3447 5238
3786 2156 3821 2290
3921 703 3915 781
6297 4316 6207 4290
5067 4281 5064 4127
7279 3384 7133 3498
1064 6150 1041 6066
4537 4229 4404 4260
7006 651 7048 535
1444 6446 1452 6488
1089 6765 1068 6908
6846 6844 6882 6948
948 40 1085 37
5074 5451 5112 5439
1838 6783 1747 6619
4630 8018 4625 7982
3055 1760 3193 1787
6180 2321 6202 2455
3049 6728 3013 6781
4685 6296 4655 6371
8021 5099 7915 5149
6882 1814 6898 1895
3765 6969 3919 7078
3627 4402 3733 4365
4199 5648 4041 5769
1198 3487 1252 3488
2191 3333 2076 3227
6452 4495 6538 4371
1472 6985 1517 6825
6020 7535 5883 7439
6103 7061 6143 7017
1883 2127 1722 2168
2779 5922 2933 5986
6355 7950 6215 8051
2374 3582 2491 3511
373 2030 522 1906
146 2003 11 1864
4137 263 4297 128
408 3203 468 3133
6907 6851 6885 7010
449 2289 504 2447
7048 3734 7211 3888
8187 5319 8075 5211
1457 8048 1520 8088
7595 6983 7457 6936
1205 6717 1078 6563
1902 992 1781 924
7472 3312 7345 3215
5387 4379 5502 4504
4599 4622 4763 4585
2797 1981 2671 2059
1682 7124 1617 7118
3779 7409 3648 7354
6195 609 6190 460
1659 2243 1606 2089
1417 1003 1409 1167
5462 6566 5601 6468
6520 3802 6406 3764
952 4510 908 4579
2672 6953 2740 7049
1853 1727 1815 1775
1014 4712 936 4615
6527 2863 6470 2716
7591 6739 7623 6760
2929 7554 2969 7586
4049 4829 4039 4704
5751 3655 5855 3528
4969 6561 4924 6586
4573 4837 4548 4751
6636 1969 6761 1896
3161 3614 3087 3560
5855 3846 5933 3793
492 5557 406 5679
2304 7666 2160 7646
6358 463 6208 303
4915 6273 4979 6249
6303 1657 6322 1747
5754 3394 5804 3289
6979 1390 7120 1415
5735 960 5608 1023
1207 7770 1112 7617
3339 1422 3213 1362
149 1158 40 1221
7382 5787 7279 5842
4993 2928 4981 3060
3823 4514 3954 4494
1366 4036 1495 3903
5560 4834 5519 4713
915 73 825 189
1263 3621 1408 3746
3977 5828 3925 5850
6048 4439 6047 4333
3448 4447 3465 4507
1395 5943 1491 6029
5995 3068 5926 3162
7754 1025 7697 961
3280 4558 3173 4463
735 3031 815 2930
2011 1856 1971 1958
7063 1281 6964 1133
1365 8098 1288 8095
7126 3123 7185 2976
2781 3603 2928 3676
816 4311 804 4183
1570 6493 1439 6572
1237 1138 1207 1182
4929 7733 5088 7738
2187 4011 2282 3957
6512 6992 6370 7094
3365 1102 3452 957
4532 5665 4579 5763
2698 7096 2815 6932
2074 1420 1919 1475
7965 6037 8058 6098
7847 5297 7967 5330
2777 3721 2871 3572
3649 548 3655 533
1854 5863 2016 5981
1672 2484 1699 2407
4150 4214 4204 4218
285 1324 318 1441
6941 6000 7011 5964
6548 6933 6460 6951
2302 5581 2176 5642
582 4103 655 4198
7742 6829 7717 6989
1806 5169 1732 5299
6581 1610 6499 1643
3526 7074 3481 7140
6088 2995 6181 2971
6832 614 6829 667
4563 5702 4497 5762
3523 4890 3403 5039
2744 5804 2760 5649
2424 49 2276 157
2467 2848 2550 2697
7575 1711 7557 1563
6619 5436 6472 5523
3624 7443 3620 7559
6205 3712 6199 3626
5277 4212 5119 4213
2776 3568 2747 3437
7906 3264 8025 3378
7833 3784 7680 3907
1846 7418 1885 7453
4111 2723 4175 2837
1902 4057 1830 4166
7218 307 7311 273
4523 1217 4512 1082
5522 5581 5670 5740
2712 6442 2686 6587
6912 5223 6917 5305
1168 3312 1072 3333
4027 3218 4064 3148
3501 7743 3504 7864
4351 5168 4499 5016
4264 3201 4375 3294
3798 3657 3781 3535
4352 3580 4413 3692
3945 6764 4079 6606
2682 1651 2707 1729
3831 2513 3761 2474
7231 2637 7169 2506
7120 99 7215 108
4476 3003 4369 2860
2072 7547 2105 7560
4864 1034 4715 1136
48 8104 25 8042
1746 147 1762 53
549 1962 487 1831
5129 4739 5050 4639
2755 3598 2860 3712
5674 2342 5575 2490
7941 6648 7783 6741
5186 3289 5140 3140
4303 4715 4295 4609
5245 5368 5159 5452
2489 4387 2573 4363
8110 4965 8137 5043
866 1462 744 1601
7249 820 7369 936
6748 6254 6683 6128
3032 94 3028 189
1040 6713 1135 6672
2294 3619 2432 3755
5147 1327 5120 1177
7125 2113 7161 2021
3809 5533 3932 5639
5119 7302 5129 7211
6530 677 6561 746
3157 1430 3080 1275
3351 3972 3309 3959
489 1365 336 1507
1406 7204 1308 7176
5502 1945 5482 1895
2767 2156 2887 2133
4102 7302 4120 7444
6752 5261 6713 5334
7023 394 7126 293
2114 5872 2271 5914
2329 1426 2278 1444
5493 6675 5497 6548
7801 5440 7873 5550
1058 1081 1106 1213
7223 1250 7356 1212
5838 4454 5708 4499
5686 7929 5652 7784
491 3253 537 3128
3072 7545 3169 7703
707 3208 573 3296
2137 3782 2005 3854
6540 2147 6477 2137
4157 2132 4098 2125
3302 5171 3289 5332
272 642 291 484
5557 2730 5498 2690
6852 2938 6962 2841
3340 3133 3299 3245
5462 2872 5482 2710
4814 567 4931 528
7640 1774 7523 1713
5268 4825 5401 4761
1695 2389 1647 2294
7725 6895 7583 6984
4832 6014 4873 5946
7972 5873 7914 5938
1859 1915 1835 1910
7618 6478 7495 6380
663 3797 712 3805
2390 2150 2300 2243
5093 4559 4934 4688
4189 4840 4184 4851
712 7979 621 7862
3233 510 3209 432
1795 3347 1806 3242
6988 4482 7119 4468
5820 4402 5967 4444
1284 6292 1157 6139
5572 2847 5609 2830
8031 3250 8051 3200
4246 2705 4350 2744
1718 6103 1638 6035
6005 5218 5964 5285
592 4499 432 4564
2739 6940 2747 6828
7596 253 7580 144
1888 6857 1993 6864
5494 7513 5490 7570
5721 6478 5666 6367
3321 2369 3195 2312
7580 5628 7699 5532
2119 8036 2239 8008
3851 1030 3866 1026
1539 4395 1537 4311
6642 4924 6762 4893
710 7001 649 7134
3600 5120 3531 5251
2831 7212 2858 7244
7491 2225 7343 2211
3298 4763 3430 4863
5209 2958 5124 2922
5200 5878 5097 5926
233 5186 124 5151
4083 5730 4171 5613
7905 638 7813 616
4382 3367 4345 3234
2462 2568 2334 2517
2741 6225 2638 6156
5788 5335 5897 5497
6918 7567 6942 7461
1119 6941 1281 6921
8154 7107 8176 7231
1656 6238 1773 6325
2551 6155 2707 6137
1507 2755 1474 2624
5135 1482 5186 1580
5271 4297 5302 4260
2380 6163 2521 6151
4953 5772 5099 5859
51 4750 79 4648
6641 2321 6680 2261
1834 498 1702 478
6717 4141 6881 4123
6395 7172 6500 7237
2920 6533 3055 6400
639 5214 495 5198
6963 4694 6971 4780
5196 7410 5055 7434
7651 7015 7676 6964
2808 3113 2712 3195
1245 5774 1141 5632
5888 4849 5868 4763
5137 1032 5013 1196
5004 5632 4940 5793
5873 2132 5754 1981
7538 8093 7447 8035
4095 661 4067 657
5217 1760 5379 1688
1198 1200 1253 1343
5324 3878 5283 3724
3375 3137 3299 3263
3145 6769 3072 6684
3412 5401 3517 5494
6998 2850 7042 2778
8145 5390 8031 5332
2818 7193 2707 7063
5505 7921 5525 7935
228 8082 215 8065
4682 7791 4519 7771
5726 3600 5754 3580
5261 2025 5284 1875
3044 2306 2990 2346
1358 5551 1418 5407
6317 3044 6176 3035
4108 849 4015 973
137 7456 36 7443
3322 6963 3397 6816
6106 7287 6085 7367
4916 3595 4770 3626
7922 5583 8006 5432
3656 7761 3737 7878
4128 3138 3980 3215
193 3709 247 3622
5352 2804 5425 2786
8041 3532 8144 3637
6492 7218 6443 7076
535 4810 602 4964
271 7133 422 7169
5313 7478 5421 7396
5054 4440 4945 4438
396 5136 442 5160
3279 1417 3231 1392
5050 6732 4901 6821
5233 2673 5314 2710
6447 2848 6598 2793
7765 5243 7917 5374
3150 4161 3190 4138
1012 1066 913 1152
7186 749 7043 694
624 6158 547 6125
6352 3996 6215 4077
6009 3356 5967 3354
4324 6927 4250 7052
5748 158 5625 236
3461 4512 3330 4369
4206 414 4272 386
6691 7321 6777 7396
7780 7411 7788 7399
1688 3406 1791 3412
3610 7299 3474 7210
2618 3921 2717 3901
549 5591 576 5514
6660 2685 6756 2774
7697 4384 7851 4302
5477 4555 5435 4703
940 2140 800 2218
4679 3106 4665 3010
2142 4056 2005 4133
6801 4029 6871 3900
290 5948 294 5933
5576 3560 5607 3421
1844 6461 1780 6397
4983 1465 4920 1462
3889 1513 3889 1557
5223 4282 5257 4238
2916 817 2821 939
2140 3900 2150 3768
4188 1562 4283 1452
6852 4458 6869 4316
5527 1311 5586 1212
5556 2758 5683 2602
754 3480 799 3390
5776 2805 5717 2745
6946 621 6907 736
5231 2149 5196 2227
3993 4549 4135 4428
3376 375 3506 429
2480 7986 2395 7882
3593 3834 3728 3800
964 3198 905 3324
1989 518 1903 491
6114 7303 6223 7389
8089 5586 8166 5620
6748 2920 6694 2925
3907 4573 3836 4410
7416 1323 7392 1303
4281 6038 4323 6154
877 5133 831 5280
2890 1772 2972 1637
7746 3850 7584 3930
637 5288 699 5307
1848 6644 1851 6672
5077 7808 4938 7776
4645 2426 4616 2284
3164 841 3230 833
3641 101 3539 119
7473 683 7353 538
519 5250 455 5403
5590 48 5450 178
5981 5283 5900 5166
7746 2569 7587 2405
7277 7443 7125 7425
3788 5939 3753 6007
1752 1155 1682 1307
3715 5403 3822 5459
6474 5335 6372 5426
5459 7320 5390 7180
7481 6281 7495 6192
3398 7160 3379 7014
5984 4078 5915 3986
2002 4447 1863 4552
3621 5421 3720 5521
8166 5453 8165 5381
7879 2889 7950 2897
802 7828 745 7829
5024 7308 4974 7210
497 4091 346 4179
6037 4743 5953 4586
7079 8145 6926 7985
6534 5617 6520 5467
4369 4303 4246 4275
1454 551 1475 460
4443 2449 4502 2311
979 2685 816 2626
7012 7955 6961 8085
120 6484 9 6336
3721 3377 3655 3287
1837 4669 1836 4824
494 4476 633 4545
2252 65 2257 213
1702 3233 1603 3282
3227 1208 3210 1309
807 6468 711 6311
361 1557 226 1613
7531 2217 7462 2250
6045 4626 5970 4559
6866 2198 6774 2340
5860 7829 5987 7832
2491 891 2447 831
4579 5839 4729 5926
7689 5718 7678 5791
6023 2576 6105 2417
5746 5251 5777 5367
7298 5119 7349 5267
5329 2035 5204 1968
6517 3285 6590 3426
4013 6079 3906 6201
5636 3602 5744 3553
248 1043 402 938
5844 279 5821 220
4002 7204 4044 7114
7621 6005 7644 6142
5758 6234 5867 6197
3269 6597 3429 6463
3090 2212 2996 2363
867 4749 836 4787
6082 2560 5992 2524
4876 5584 4730 5734
4359 1528 4273 1410
2726 1926 2711 1964
4270 1416 4313 1436
8027 3283 8010 3136
3566 4762 3598 4912
5655 4867 5521 4797
4567 2465 4559 2385
2384 4826 2318 4789
944 3022 1030 3011
1428 1697 1415 1585
5277 2128 5244 2098
2121 5989 2252 5874
2110 103 2187 182
6944 345 6985 493
5007 522 5117 557
1112 366 972 217
7599 6114 7680 6071
1157 5760 1204 5738
7216 3337 7302 3364
7561 1405 7681 1514
1236 5885 1330 5998
3017 1758 3125 1922
2052 5356 2044 5517
4856 4355 4781 4511
3167 3060 3096 3071
512 5769 598 5876
6710 4298 6865 4277
6905 4745 6807 4747
6566 279 6435 184
7555 1677 7424 1540
7015 1065 7101 902
7793 1333 7828 1416
5576 914 5573 788
6131 4858 5998 4837
1698 7643 1706 7562
6068 809 6118 681
6199 7126 6165 7105
3864 6214 3856 6210
2800 6256 2726 6174
6367 2131 6431 1971
6725 440 6880 439
4573 1373 4537 1401
2161 5384 2105 5507
5567 85 5537 145
3247 1883 3134 1719
5333 7583 5471 7516
5550 1395 5625 1271
3723 955 3864 820
4489 1103 4360 966
1025 7349 1124 7250
6710 677 6590 615
181 8153 96 8089
6739 5043 6581 5033
3443 6165 3567 6012
6600 3489 6618 3527
5357 865 5520 1021
6018 289 5983 391
3444 4790 3435 4685
2801 4771 2694 4800
6990 3683 6995 3744
3726 5701 3768 5861
6083 4912 5955 4833
7289 5692 7381 5620
6254 7714 6220 7817
4599 3310 4468 3213
2816 5125 2763 5146
7190 915 7267 1056
5634 5376 5795 5326
806 31 654 157
1393 514 1271 525
6953 6082 6854 6113
5525 7822 5481 7950
7420 192 7286 236
4058 964 3938 988
7285 2451 7171 2524
4087 490 4009 645
391 5438 555 5526
7181 2216 7297 2161
243 5238 107 5151
4006 7115 3938 7018
2412 7820 2433 7725
2688 1967 2829 1991
1607 5149 1723 5117
1272 3377 1429 3335
8139 1700 8012 1638
7462 4114 7537 4123
4974 8018 4950 7878
7186 5319 7189 5474
925 3360 1059 3406
823 5553 809 5589
2360 5285 2275 5278
1845 1288 1985 1170
6880 3079 6813 2936
956 4485 973 4395
3334 5452 3364 5391
2750 903 2889 838
477 1533 474 1413
1567 7152 1594 7014
4668 172 4728 242
6951 2980 7009 2880
5276 6208 5152 6187
7064 4320 7207 4400
2499 6106 2632 6054
3366 2412 3464 2445
7465 219 7442 343
2215 3667 2095 3652
5740 7640 5666 7567
5159 3516 5003 3567
6662 63 6643 177
7989 1674 7828 1523
7494 6503 7556 6558
5296 7005 5372 7134
7322 1382 7332 1247
6019 6185 6033 6253
2742 2247 2816 2110
5212 4251 5069 4412
4710 4204 4667 4116
476 4911 312 4882
2410 4222 2383 4114
5440 1496 5298 1543
3130 5816 3082 5826
1404 1133 1304 1061
6185 4972 6345 5063
6382 880 6394 865
5397 6567 5557 6696
2248 2514 2391 2553
8081 3788 8177 3738
700 3117 653 3061
7647 6491 7807 6350
3584 3860 3626 3910
3595 7909 3525 7806
8077 6020 8187 5922
6614 7474 6697 7629
78 4103 28 3972
5193 3002 5038 2845
4951 6257 4961 6168
5539 425 5639 285
2772 2723 2808 2664
5254 7045 5151 7180
4965 5121 4881 5271
3193 5106 3035 5042
1707 2633 1633 2711
3262 6601 3358 6601
5359 7680 5307 7794
3641 3386 3591 3262
5669 782 5809 910
5015 556 4952 509
2098 2466 2071 2538
4266 2932 4403 3061
4571 507 4684 467
718 3717 632 3607
4231 2798 4185 2947
5410 5013 5515 4925
4873 3348 4747 3300
2704 745 2612 692
2941 7403 3077 7454
3169 5808 3020 5701
3287 7385 3415 7286
7505 2613 7373 2453
1932 1388 2018 1400
1087 1359 1008 1435
6571 2276 6532 2386
3740 1921 3784 1918
1072 3459 1107 3549
4369 4578 4235 4592
3393 1421 3551 1537
7736 6429 7660 6554
6240 2325 6124 2211
5176 5715 5134 5839
2754 2059 2830 2053
7384 874 7464 920
1831 7288 1698 7265
2874 6694 2826 6617
3644 1666 3571 1634
3159 1182 3094 1123
6993 767 6992 900
2434 7126 2530 7115
4313 3956 4194 3868
2529 7629 2552 7469
2131 7805 2171 7941
6449 2750 6518 2852
6262 5660 6236 5718
464 2666 624 2742
2413 1547 2292 1546
4943 4869 5025 4961
3494 3394 3392 3537
329 4556 359 4490
854 7902 824 7993
1509 7531 1430 7452
5067 852 5013 902
1125 8084 998 8080
668 1984 623 1857
7964 3665 8109 3748
2827 6305 2710 6450
1219 7169 1245 7029
7498 5730 7597 5675
8128 431 8034 453
3980 4876 3827 4804
4958 7550 4798 7567
151 1080 221 1139
504 4597 370 4723
4634 5883 4652 5743
2590 4717 2719 4598
7784 3004 7752 3057
7292 3097 7190 3025
7965 987 7928 1137
4120 6954 4027 6844
5566 6031 5588 6190
3940 6627 3885 6609
2810 3206 2962 3300
5162 382 5057 372
4826 6547 4879 6442
5271 4895 5212 4912
7410 368 7466 462
1765 2235 1603 2257
7078 4296 7129 4400
7668 3714 7816 3684
7649 6230 7638 6136
1514 6810 1540 6744
794 1596 736 1578
6938 2629 7064 2495
643 1471 774 1382
1884 1005 1890 926
83 3183 21 3041
2774 6132 2785 6110
6771 6750 6869 6763
3492 2440 3417 2365
3130 6833 3055 6828
2794 2496 2791 2408
430 3100 504 3023
6673 2713 6576 2803
2597 5945 2549 6094
4578 2869 4494 3028
3823 5981 3690 5860
6960 3006 7042 2917
1558 6041 1695 6199
4053 5703 3917 5685
6618 522 6697 432
4231 4449 4255 4363
2905 2445 2811 2384
8172 4727 8163 4823
3261 1240 3422 1293
6200 4244 6320 4272
148 2942 236 2876
2892 1046 2883 1125
1573 5711 1649 5838
2119 2670 2081 2700
6921 106 6765 206
1954 1634 2021 1619
3515 1155 3676 1182
6763 284 6726 275
5823 6060 5871 5968
3759 1218 3733 1054
182 2543 259 2549
7546 1337 7652 1374
1043 4749 1122 4717
6131 5557 6292 5570
1698 3613 1636 3542
7994 7207 8026 7075
1844 3626 1788 3547
3136 7449 3249 7601
7503 4561 7406 4510
4219 8051 4375 7959
1471 6143 1632 6158
5454 1491 5424 1337
535 4485 599 4378
4637 893 4737 981
1929 3592 1931 3578
7909 2702 7836 2600
7439 6826 7319 6905
7273 3361 7240 3238
3742 4383 3642 4238
1439 1939 1542 1775
761 734 822 715
3914 69 3858 216
3160 6838 3296 6789
122 5890 47 5744
4267 1272 4182 1327
2636 4979 2753 4969
2270 2047 2128 2055
2550 131 2445 172
6097 175 6035 92
3373 1143 3211 1082
6175 5533 6189 5564
5068 4978 5213 4834
3173 8086 3179 7943
1714 4216 1789 4368
6048 6126 6006 6130
7783 2614 7819 2714
4778 3757 4699 3738
2394 2122 2349 2257
5028 2895 5030 2894
893 2365 1011 2366
2496 1114 2566 1227
1940 195 1991 99
902 1075 848 1035
1048 6244 1189 6148
3420 4670 3409 4833
7722 650 7698 793
1540 634 1456 798
1451 4986 1569 5037
5859 5935 5741 6050
3054 3217 2946 3119
7467 5484 7493 5592
2322 7792 2168 7675
433 4617 350 4733
3685 47 3804 12
7025 1999 7159 1960
5635 1657 5678 1736
7831 6511 7725 6608
1081 2821 1244 2908
7553 5127 7667 5022
5680 2474 5811 2478
3232 2972 3321 2814
5905 346 5746 273
4282 3259 4298 3343
7653 3773 7768 3777
5607 2375 5713 2370
2149 2214 2200 2245
5192 2094 5161 1945
2426 1042 2523 1010
4535 2722 4557 2567
7917 5642 7896 5654
148 7064 297 7075
501 3718 607 3608
1966 366 1994 425
4257 1306 4213 1158
7131 127 7240 193
2448 1251 2322 1102
874 898 930 908
4900 2961 4774 2931
4845 1945 4745 1877
5202 5341 5363 5223
3958 1628 3857 1496
7737 7085 7590 7134
4141 6077 4275 6065
5965 4006 6099 4010
4599 1208 4759 1109
1763 8175 1677 8060
1352 1170 1264 1162
1798 3113 1923 3268
8130 7099 7976 7226
6047 590 6009 698
8165 2851 8056 2788
1184 3831 1069 3963
2778 3030 2635 3042
236 5035 185 5086
4582 8124 4446 7985
3394 5168 3382 5039
3052 1879 3193 1867
1262 1501 1285 1653
288 614 304 666
2351 7963 2196 7846
7489 1475 7416 1350
5697 3531 5661 3419
2544 2356 2683 2387
2575 4077 2714 3940
245 6410 354 6248
6289 786 6222 873
7472 396 7519 378
3590 2887 3445 2999
3563 7494 3611 7333
2980 909 3060 1051
813 5655 822 5600
4866 4744 4961 4611
4395 5852 4443 5756
983 6581 918 6543
2912 6318 2816 6436
1954 1231 1833 1372
415 5383 255 5496
8161 5775 8129 5655
3332 7723 3481 7575
4232 471 4155 469
6113 7447 6054 7406
2168 6026 2011 5996
7879 4132 8043 4292
7091 6969 6999 7048
2838 4752 2905 4785
7909 3663 8067 3569
1040 6079 1139 6186
737 5850 759 5697
2221 5545 2215 5572
4881 3215 4909 3326
2814 1397 2750 1366
3199 2302 3238 2391
8070 3126 7959 3046
956 686 950 638
6400 649 6472 647
6191 2375 6166 2455
6173 4032 6063 4177
5735 1212 5879 1173
7210 2492 7186 2334
2541 4468 2398 4316
5151 3490 5195 3403
8029 4509 8030 4568
4732 7725 4834 7595
2262 6881 2416 6798
3777 2158 3779 2288
5217 2430 5371 2463
581 7605 685 7516
665 7853 758 7856
4576 4799 4494 4744
2825 7683 2774 7833
758 5448 711 5549
1254 1803 1256 1812
2830 2793 2738 2941
644 1015 616 984
1914 4712 1935 4587
6849 4377 6783 4519
7101 3586 7107 3595
7514 3155 7504 3142
6597 7170 6604 7230
3890 5965 3989 6070
2108 4778 2237 4869
2531 218 2628 154
1091 7169 976 7187
7324 4128 7450 4151
5216 1569 5378 1552
3051 4111 3174 4136
6782 4980 6665 4829
6785 7912 6643 7782
5795 1912 5955 1880
1084 3426 1036 3440
3156 3986 3067 3998
3520 2087 3591 2229
7779 2535 7736 2564
6308 4753 6144 4640
1930 616 2036 683
4177 2629 4026 2575
6898 2761 7004 2713
6971 4622 6980 4629
6934 3391 6896 3248
2486 3796 2397 3841
3119 231 3144 268
6660 5930 6685 5889
3510 709 3381 568
5686 4630 5640 4715
608 2845 569 2899
4362 1188 4465 1347
4587 7042 4464 7167
1111 706 1031 845
4055 4660 3982 4535
6037 7075 6158 6915
3633 4209 3630 4373
827 410 745 320
6960 5300 6899 5244
304 4744 186 4710
8015 5709 8107 5615
46 934 152 1041
5481 392 5368 422
3690 6878 3634 6759
3062 5768 3140 5886
3307 7507 3330 7355
2487 1713 2563 1570
126 2805 128 2930
1510 327 1573 333
5471 3706 5343 3860
456 7563 364 7705
3 6333 114 6465
6988 2628 7047 2520
7628 6412 7693 6498
82 3744 237 3728
7127 1342 7002 1424
6249 6493 6105 6454
392 6467 319 6385
5944 2177 5913 2087
2198 5583 2177 5743
5318 1131 5382 1175
1412 8040 1353 7918
4233 810 4115 798
5728 2811 5669 2960
2320 2835 2203 2791
4045 1299 3905 1236
800 1263 641 1297
3778 3758 3635 3658
7044 2963 7162 3114
7713 559 7727 554
419 5717 329 5853
2428 6089 2337 6142
3637 3914 3512 4041
1840 594 1681 502
1921 780 1847 632
4868 5412 4956 5571
5348 4268 5222 4409
6928 4049 7033 3946
349 7657 471 7692
4848 7211 4842 7230
7191 4261 7286 4143
6415 2473 6510 2477
4443 4843 4506 4847
5998 2510 6030 2497
1406 3792 1373 3701
1457 4005 1383 4036
8059 5026 7917 5100
1600 3603 1587 3743
2408 6712 2421 6767
5306 5173 5354 5110
4103 7273 4169 7183
4001 3838 4056 3843
7635 2957 7597 3049
5213 7554 5305 7587
3960 3821 3898 3823
3070 5700 2995 5837
6114 2249 6206 2336
7451 6310 7288 6444
2955 1547 3051 1390
3292 5103 3412 5109
7008 1415 6849 1446
2467 1861 2384 1726
5182 2002 5183 1922
1694 832 1562 910
3043 1128 3162 976
1246 1054 1399 1218
6631 4548 6615 4658
6791 4530 6920 4519
5273 6672 5231 6832
7050 2497 6956 2562
6138 1779 6035 1774
222 8077 71 8189
4414 1930 4473 1931
7948 1239 7950 1162
4406 4438 4342 4466
3602 2474 3462 2536
4924 7471 5004 7358
1158 6086 1053 6222
3107 3490 3055 3362
2569 1509 2604 1635
3074 7381 3084 7260
301 3408 161 3374
4945 806 4882 895
4375 5527 4339 5433
4538 5476 4436 5507
7221 2426 7235 2553
5114 4156 5028 4114
7128 2340 6997 2372
91 5699 157 5569
211 4841 232 4834
5768 3890 5825 3921
1391 5662 1254 5742
890 6889 886 6919
5208 3927 5124 4048
5554 6300 5438 6234
5711 1238 5666 1220
2920 7403 2774 7399
5345 1685 5268 1824
2018 7745 1914 7817
2424 2905 2397 2869
6833 5172 6912 5247
6341 2964 6446 2960
7601 4369 7530 4422
8168 7257 8066 7248
1865 5330 1720 5348
3143 3790 2988 3802
580 7629 659 7701
1700 7005 1796 6946
5352 1290 5475 1376
4684 6596 4722 6534
1158 387 1047 476
7346 3161 7318 3021
4995 6095 5082 6006
1333 6678 1439 6574
2249 5123 2167 5152
6796 7151 6926 7073
2349 1834 2216 1972
417 8032 462 7998
4569 1859 4605 1836
5882 1196 6013 1247
5178 6556 5308 6461
1093 1786 1120 1734
3470 2479 3594 2490
7581 1913 7725 1883
665 7435 770 7460
850 2248 766 2145
5739 3692 5632 3747
1101 442 1161 576
4620 1359 4536 1354
1860 3994 1707 4139
5252 3954 5345 3978
7521 5167 7387 5076
4942 4111 4841 4153
2092 7122 2086 6967
6502 4755 6539 4636
1239 3514 1392 3476
4762 2374 4766 2335
1894 188 2027 147
1647 1616 1751 1778
6989 6897 6953 7005
5133 7108 5281 7168
1653 5294 1647 5417
1664 1252 1594 1337
650 7577 648 7505
6189 243 6062 188
2552 51 2522 123
4245 1342 4208 1352
4593 7396 4622 7393
7122 241 7041 358
3238 6049 3258 6000
3176 4114 3076 4170
3606 7152 3639 7147
3581 4452 3428 4611
1510 4312 1414 4195
3075 5939 2959 5780
5166 3235 5325 3141
587 5672 582 5799
1183 4216 1153 4166
6379 114 6379 274
3885 3894 3745 3954
1499 4696 1459 4600
5762 7130 5685 7149
3707 6031 3744 6095
7711 6358 7867 6244
6858 7989 6837 7968
1689 7522 1645 7459
4564 6693 4641 6682
5585 7057 5443 7188
4913 1822 5056 1674
8129 2982 7995 2909
938 5799 942 5819
923 7708 967 7660
8011 2177 7946 2332
3790 2263 3695 2264
659 7311 637 7406
193 6343 245 6327
1350 52 1321 9
715 1276 555 1136
8051 2861 7995 2813
3298 1136 3270 1184
6119 5603 5993 5654
5468 2910 5513 2931
1026 4042 1007 3913
4301 626 4274 477
4685 1882 4547 1796
4739 2043 4700 2147
6726 2738 6807 2587
7134 8146 7243 8103
3558 6825 3468 6752
6711 6807 6580 6945
2206 6056 2131 6205
6921 839 7083 862
1036 7569 1195 7689
3100 6117 3120 6117
5935 1759 6016 1904
4841 1964 4979 1880
6788 6862 6661 7018
2909 4850 2988 4704
5556 7960 5673 7986
8080 5937 8060 5888
471 4545 562 4523
7375 5508 7475 5418
460 2460 602 2417
5362 3168 5286 3238
1978 7007 1873 7066
5554 3858 5476 3694
6713 3807 6725 3704
455 621 564 552
250 637 124 679
7057 6206 7076 6114
7556 1442 7580 1417
44 5782 69 5917
8059 2932 8113 3061
7486 5008 7547 5000
5488 7589 5363 7456
730 1511 583 1519
8188 5 8186 5
5302 233 5361 226
4750 2105 4752 1954
5364 4550 5220 4554
4425 1834 4348 1698
6933 2177 6861 2113
2362 3879 2360 3824
1996 573 1991 568
2035 8136 1949 8041
4510 2674 4646 2746
6813 7685 6726 7755
626 2212 750 2329
3423 8012 3425 8148
1963 7632 2064 7542
7592 2086 7508 2120
3710 2711 3825 2673
5698 2337 5638 2485
3880 3431 3916 3461
8123 1401 8096 1272
1475 7185 1369 7172
3574 311 3587 294
2692 5215 2732 5147
5953 2319 6082 2419
7730 3175 7771 3171
4420 4952 4571 5071
6865 7095 6753 7201
333 4036 173 3993
7400 2059 7262 2079
5709 1096 5729 941
3805 1391 3808 1490
50 7516 198 7651
6632 7989 6706 7875
1155 427 1243 482
7093 2193 7089 2263
5684 3245 5601 3397
4133 7266 4174 7186
5320 5092 5235 5072
1524 6616 1386 6462
3219 7397 3334 7453
6861 1871 6924 1790
7229 1507 7072 1602
6041 2863 6033 2790
3881 6397 3937 6556
7244 1031 7124 871
5203 5154 5239 5059
4497 4312 4425 4314
4571 7756 4680 7834
4922 2821 4921 2688
1799 803 1777 851
5800 3876 5881 3713
75 5898 132 5896
603 7254 681 7282
4010 5938 3927 5994
1645 4638 1740 4743
6379 6569 6391 6550
275 7972 213 8019
7463 5193 7534 5121
7023 5615 7092 5646
6294 1609 6189 1707
4557 8098 4659 8142
7554 5210 7673 5257
1660 927 1817 1052
8145 5898 8061 5873
4355 205 4222 122
2545 2727 2531 2667
3962 828 3843 810
5726 4832 5701 4672
6286 560 6286 667
7080 2618 7000 2660
5226 4738 5236 4588
5996 6787 6158 6829
2758 6260 2633 6381
6219 431 6293 325
7940 6446 8098 6464
987 2592 1093 2557
5572 2289 5544 2359
5943 1809 5900 1912
3608 2740 3675 2587
4440 3532 4339 3375
2889 953 2965 1089
4644 777 4635 689
6891 733 6962 721
5628 4240 5746 4083
4320 1110 4158 1198
6805 1420 6916 1501
5923 3600 5996 3737
6976 3570 6990 3425
7599 3432 7543 3452
2400 6912 2505 7016
6133 4993 6270 4934
5032 7188 5158 7157
1577 7292 1697 7282
1865 5874 1788 5803
6046 5738 5908 5755
6012 3161 6076 3181
1530 1523 1566 1540
2604 1928 2766 1796
3909 1337 3988 1419
4192 542 4171 605
3154 4838 3304 4982
1166 2178 1222 2125
5854 2227 5931 2214
5935 4161 6050 4306
6216 5599 6372 5728
4380 7244 4536 7083
2098 6130 2043 6270
6190 7403 6078 7546
2621 3908 2701 4070
6981 3657 7049 3693
5458 2557 5478 2472
5515 578 5673 501
5464 4239 5310 4149
623 3258 638 3271
5910 6336 5930 6249
7951 6465 8061 6625
2189 3141 2166 3042
7920 1546 8049 1474
2164 2147 2194 2298
3402 3422 3316 3265
6277 5406 6421 5444
6888 1861 6978 1742
3201 2784 3338 2642
294 4947 396 5071
4615 1326 4484 1191
7284 4999 7293 4853
2208 6422 2139 6261
4678 2083 4594 2225
2245 3614 2240 3735
7406 7597 7562 7501
1697 5317 1831 5161
6308 2557 6234 2687
2400 1694 2398 1833
4093 5088 4080 5001
1575 1023 1465 890
6227 6952 6130 6931
1837 3122 1715 3136
5600 5992 5472 6000
3609 1874 3663 2030
4299 8063 4321 8078
3175 1682 3268 1620
4908 6507 4812 6625
5483 2561 5631 2709
3138 944 3132 1049
6677 3961 6630 4011
2302 5431 2320 5528
2016 3327 1945 3435
7060 1046 7136 1098
4456 4720 4581 4674
2339 4935 2269 4912
4005 6128 4050 6234
6811 2843 6876 2944
5745 6433 5624 6294
308 2054 187 2102
4011 647 4062 656
7187 5870 7116 5962
4830 6582 4840 6618
2142 2153 1982 2156
2854 7286 2783 7196
6851 6782 6915 6707
860 6190 997 6264
483 6194 455 6244
4788 3036 4805 3168
5510 3493 5363 3527
677 6109 683 6219
545 2105 598 2254
3676 7528 3514 7376
6358 7159 6195 7043
7343 2967 7232 2806
5786 272 5829 259
6318 7452 6202 7313
993 5420 1067 5481
6901 5220 6751 5326
2367 5618 2221 5747
3503 3106 3428 3143
1061 4008 1166 4000
1770 5200 1822 5096
3207 5087 3074 5064
5247 1499 5258 1383
64 4733 220 4640
195 7030 83 6894
2300 2131 2200 2182
4995 2510 5070 2570
1530 8126 1630 8140
6791 893 6751 754
5736 2851 5712 2786
3117 3975 3280 3933
2939 4946 2984 5075
1829 5743 1942 5763
998 7831 1101 7718
6135 8103 6019 8102
1145 5114 1126 5203
608 4656 661 4671
3359 969 3289 894
4661 4552 4791 4675
1441 6953 1375 6983
7700 1859 7553 1895
5560 581 5713 586
4516 3129 4600 3140
6539 4959 6645 5122
1933 7241 1900 7237
7818 22 7723 127
6337 1589 6466 1543
4520 7581 4391 7620
547 6094 678 6219
4548 7254 4667 7276
4958 8057 4848 8054
2678 2249 2828 2359
4151 6884 4044 6973
4988 2871 4958 2881
440 3880 455 3917
3882 1706 3799 1818
1318 5766 1369 5838
7522 1673 7503 1676
4734 6076 4632 6139
7407 2493 7344 2461
6187 3598 6158 3437
3608 4680 3591 4671
1056 1002 964 1163
3532 7481 3448 7488
822 5959 902 6008
1741 6148 1815 6142
7988 4495 8143 4635
1033 7473 1184 7384
1398 1547 1480 1581
7944 4561 7878 4715
5660 6853 5703 6772
2446 7726 2562 7759
3047 666 3026 600
2661 4573 2608 4594
2707 6077 2859 6013
3426 7238 3462 7358
7166 7809 7116 7830
2325 1729 2290 1569
7744 44 7762 166
407 3201 372 3107
6199 986 6181 971
5513 7753 5494 7906
3547 6394 3550 6382
3524 6781 3687 6803
8121 6919 7970 6856
1914 1747 1785 1799
6187 6025 6257 6025
1051 7563 924 7466
6128 4323 6218 4419
6477 3707 6410 3551
6839 6837 6809 6998
4016 1686 3936 1800
5487 8124 5544 8043
8139 4031 8082 3902
3138 6091 3091 6093
3148 4795 3025 4875
3693 7327 3812 7336
1761 3330 1609 3249
4990 1518 5118 1652
2064 6530 1980 6395
5202 355 5163 447
3472 2356 3310 2193
2201 6310 2109 6404
5921 6146 5968 6279
529 733 397 866
3125 3332 3139 3476
4187 1821 4046 1950
7128 344 7175 309
6389 719 6257 856
3038 5684 3131 5573
1531 3141 1677 3240
1873 3521 1911 3396
8097 1329 7999 1225
7779 5672 7896 5561
5660 3957 5748 4032
5795 5590 5934 5468
4453 6802 4463 6811
5946 4938 5883 4946
2965 929 3019 880
4868 4997 4894 4970
7281 4372 7382 4367
135 5430 286 5512
1206 5690 1340 5564
5474 233 5446 331
6903 7824 6928 7681
365 288 284 258
1455 441 1528 433
6245 2087 6282 2155
6909 1003 7070 1117
6583 2033 6741 1992
765 6425 807 6274
1099 8100 1187 8003
5996 644 5958 682
7093 3563 7014 3571
7742 200 7611 320
1540 2783 1506 2799
1251 7167 1156 7109
2921 4462 2831 4418
484 6646 460 6600
733 1269 569 1117
6314 2728 6405 2879
5675 7290 5786 7253
4814 6512 4775 6416
5106 4082 5154 3962
6933 7931 6787 8005
2739 5725 2644 5561
6590 3064 6656 3076
6786 6872 6762 6849
7106 7782 7253 7838
2300 2609 2386 2569
5996 3399 6022 3475
4068 2258 3937 2368
6679 5065 6647 4922
5186 5041 5212 4918
7464 375 7467 236
4500 7040 4402 7004
1081 1516 1205 1409
6088 1071 5981 969
7557 6048 7512 6022
7527 2113 7638 1954
1149 1856 1115 1808
727 1610 612 1656
838 11 948 26
4677 381 4618 374
7852 4228 7860 4129
4950 323 5083 428
5761 3157 5785 3067
7788 7347 7821 7425
6280 7697 6298 7827
4279 1123 4301 1008
3312 3687 3358 3559
2639 8191 2680 8090
5955 4094 6020 4242
7257 6420 7391 6426
4364 5205 4404 5166
1746 4040 1811 4073
5924 5713 6067 5602
5494 7818 5562 7654
1471 1633 1367 1475
6509 3419 6483 3397
2593 6012 2661 6061
5949 7265 6005 7288
2096 5199 1993 5184
3316 1610 3330 1644
5823 691 5666 765
71 3938 190 3913
7197 8150 7200 8065
4310 6651 4339 6632
3203 4462 3235 4509
7119 346 7049 313
6022 3365 6111 3325
5881 240 6012 78
4170 7210 4020 7331
4775 6184 4614 6029
3050 1952 3109 1876
5731 259 5656 263
3005 3710 2934 3694
7146 6632 7012 6598
1768 8116 1624 8129
6993 5075 7009 5161
2412 1471 2475 1310
6008 2039 6098 2150
5753 3502 5706 3511
2092 4951 2116 4926
126 3845 56 3797
3261 4652 3408 4534
3088 876 2965 889
2881 2996 2954 2963
5991 2937 6008 2824
730 7612 815 7489
4321 7038 4262 7195
1441 3592 1539 3653
967 2029 940 2039
4492 4374 4360 4453
1054 6924 1070 7002
2403 4593 2329 4578
3851 1609 3926 1624
2450 4896 2343 4890
497 6666 503 6649
7749 755 7860 632
3958 8160 3946 8126
3619 3611 3539 3707
4115 7972 4175 7994
4299 6438 4321 6571
2726 1198 2849 1327
5228 1251 5349 1202
3638 4164 3771 4287
5847 6891 5894 6814
7327 2544 7423 2603
1519 228 1414 114
2800 6725 2714 6852
5234 3615 5314 3642
5327 4442 5184 4282
2984 294 3035 292
6432 7011 6514 6965
486 6428 492 6366
5583 1416 5547 1513
3027 4989 3182 5066
1658 4574 1772 4498
6815 4363 6789 4403
3175 1366 3041 1205
4953 8190 5023 8074
4523 7034 4653 6892
1642 7240 1631 7076
1378 4571 1345 4719
4114 745 4262 775
2725 38 2582 198
6500 6418 6496 6507
7839 1441 7933 1537
2074 1798 1974 1813
399 8173 554 8173
903 3938 781 3780
7121 4491 7101 4608
183 3253 116 3098
3654 2165 3732 2281
5955 5899 6017 5894
3837 3031 3870 2986
412 5419 380 5483
7558 307 7529 297
4480 2589 4464 2538
8188 1744 8188 1778
2651 2525 2751 2465
3830 4166 3868 4088
6731 3013 6718 3051
4823 7215 4891 7178
3381 2207 3446 2144
94 3137 175 2973
5827 1113 5816 1275
4802 7123 4873 7133
7393 5713 7518 5817
2265 3847 2299 3791
1118 5097 1042 5020
3958 3438 3982 3514
5763 6507 5871 6361
5 6184 52 6294
6232 404 6279 532
3540 7943 3612 8019
6342 318 6385 175
3601 4200 3716 4231
5481 1708 5406 1738
199 6610 209 6642
2171 4985 2323 5063
2400 2485 2300 2430
5746 6266 5654 6205
3449 1602 3432 1654
2636 5608 2539 5757
335 7601 486 7515
2836 1121 2692 1122
5065 2505 5204 2510
1604 6924 1764 6966
1030 4927 1168 4884
6407 5459 6382 5436
8077 2554 8182 2692
501 4406 647 4266
7748 7402 7643 7521
367 4847 255 4895
6029 1658 5903 1789
2192 7893 2169 7943
6196 6225 6115 6146
4401 6260 4452 6175
8068 6156 8066 6296
7976 4834 8036 4944
1239 5794 1088 5899
6140 1108 6151 1073
7317 3760 7463 3908
1444 3778 1470 3941
3932 1955 3817 1888
4782 1442 4802 1432
2973 1111 2831 1162
7336 4367 7228 4375
6138 897 6220 926
7884 3786 8004 3890
5432 220 5431 116
2946 5824 3007 5846
1965 7983 1904 7885
3712 5566 3593 5620
3294 462 3336 321
6711 5877 6657 6010
8014 2262 8156 2202
3703 219 3609 179
3971 6636 4010 6619
4205 8155 4307 8009
7612 6774 7735 6855
2293 194 2311 79
358 5053 308 5037
4321 3742 4453 3717
3786 2686 3729 2780
5932 3006 5945 2952
3258 7896 3202 7795
2724 460 2577 545
2458 8040 2404 7983
3034 394 2923 436
5983 6080 5951 6059
4778 6793 4744 6814
4321 5329 4247 5201
2814 4816 2821 4711
1674 1385 1651 1531
5598 631 5592 574
1441 1570 1467 1504
4826 1982 4687 2099
695 3684 767 3618
1193 610 1136 695
6115 3650 6176 3694
5891 2048 6039 2068
949 2429 1105 2286
2223 7379 2097 7335
3486 5476 3519 5418
1187 7727 1213 7719
1450 6093 1355 6250
7617 7310 7467 7225
2293 6277 2292 6161
6177 845 6261 954
3204 4566 3041 4534
7695 510 7637 402
1552 1834 1442 1819
7288 5548 7292 5445
4927 664 5005 753
7837 7555 7870 7633
3054 5654 3197 5814
6881 440 7023 526
6888 6515 6765 6521
7236 5279 7076 5398
7945 1712 7964 1867
6611 5777 6508 5834
1117 4487 1030 4548
2702 1948 2822 1943
5892 1919 5909 1912
1869 6759 1887 6603
466 7339 457 7182
1063 4869 989 4810
5483 8124 5320 8108
6612 607 6714 644
4505 2671 4586 2831
2021 1770 1966 1866
1293 3666 1133 3803
529 7118 447 7219
7396 7904 7248 7911
1586 6202 1693 6194
881 4659 971 4559
618 6959 720 6955
5008 3266 4957 3296
5402 6638 5555 6496
8042 3444 8191 3339
3789 80 3666 206
4826 776 4826 835
2486 5353 2452 5348
2823 2016 2800 2080
5449 3233 5586 3167
2914 6082 2927 6219
6384 3148 6484 3211
575 5377 653 5388
4066 7959 3905 7833
4401 477 4380 315
4333 1364 4234 1411
8064 2090 8044 1957
1488 4436 1432 4528
4242 6546 4339 6414
3473 4589 3494 4563
6609 1420 6704 1534
2455 6476 2373 6578
4278 4766 4316 4719
5893 7637 5836 7666
7533 3490 7485 3624
459 2387 552 2289
4996 3181 4906 3255
2736 3113 2618 3152
7753 1040 7910 1006
6232 3075 6374 3026
2694 2431 2771 2283
6194 2342 6350 2320
4998 2145 5053 2069
7741 4246 7680 4165
507 5071 374 5196
6251 4740 6090 4753
325 6820 192 6745
6845 7124 6741 7161
4569 4317 4408 4191
4270 2667 4344 2685
8177 2606 8179 2446
7946 7997 7895 8160
8046 2578 7955 2530
6707 4354 6870 4209
4040 4911 4111 4955
1700 3308 1726 3147
5766 3034 5810 2953
7559 313 7723 221
5382 6870 5271 6955
2629 3429 2707 3468
4700 49 4543 126
5914 277 6053 389
5186 662 5234 724
3479 7767 3486 7730
4214 2239 4162 2086
1605 2538 1633 2521
7652 1542 7537 1620
3773 3091 3641 3214
5043 3401 4918 3399
7465 7020 7573 7089
7139 2574 7033 2587
5737 5219 5851 5184
2435 30 2335 102
3345 389 3321 278
4039 6185 4190 6279
4621 3311 4559 3193
591 3768 651 3615
6758 5925 6675 5949
1439 5797 1460 5807
6118 4989 6230 5093
6396 2917 6297 3000
1943 4705 2071 4697
2534 7714 2567 7656
3196 6721 3183 6670
6922 1827 6887 1713
5614 748 5697 868
6712 3775 6827 3687
1517 349 1410 307
7019 1221 7181 1339
1388 8020 1452 7909
5478 5776 5340 5851
5872 4776 5765 4763
7234 2236 7380 2161
945 4431 874 4593
3874 5941 3965 5971
7881 4669 7822 4791
1171 6515 1077 6407
643 3679 756 3759
4326 6805 4251 6952
7377 3996 7286 4088
5829 2469 5968 2537
1753 6805 1600 6742
2713 3250 2550 3355
5424 3032 5264 2998
3741 1450 3578 1442
6120 841 6009 784
7470 3366 7424 3357
2348 657 2255 560
580 6422 612 6318
1760 3085 1856 3200
4735 424 4804 433
1483 3528 1528 3452
1350 7306 1386 7274
1447 3368 1505 3514
2986 4948 2953 5035
5430 3435 5405 3454
2899 6498 2939 6618
7971 7445 8037 7326
6689 2210 6553 2194
6017 7672 6102 7827
8055 4176 8188 4330
3363 4963 3519 4883
3770 7899 3822 7820
1869 2527 1952 2557
3275 1582 3151 1520
3651 5794 3709 5868
5954 2986 5846 3008
7033 1788 6872 1636
4081 3773 4209 3617
7408 7168 7275 7201
3069 5920 3131 5765
5618 3851 5571 3762
842 7536 703 7646
4083 4600 4199 4507
3711 5897 3868 5889
960 4567 1070 4535
4826 7771 4898 7786
4065 6991 3980 7099
3866 7860 3826 7759
5982 6873 5938 6773
2137 4020 2123 4162
4887 6035 4915 6013
4627 340 4518 239
3684 434 3711 526
4217 1566 4095 1635
7291 6112 7418 6244
2686 4820 2554 4707
3544 6399 3567 6557
5286 4127 5185 4170
5751 6014 5784 6114
684 1200 637 1183
3075 2326 2926 2166
5437 4050 5285 3981
4702 1832 4582 1706
2793 6599 2807 6471
4054 80 4060 163
4294 5926 4385 6073
563 584 443 615
6371 6929 6519 6787
5212 7314 5102 7453
4568 7370 4584 7224
2302 3316 2217 3288
6869 5015 6834 5166
3362 7703 3401 7650
7899 5494 7928 5598
8142 5912 8129 5750
1870 1416 1763 1552
1353 372 1334 446
1574 3008 1566 2948
6109 4938 6051 4820
6366 6063 6283 6137
3904 2866 3983 2847
1308 2397 1447 2315
2817 6978 2784 7138
87 682 69 762
3230 2416 3074 2404
4524 3676 4551 3556
7789 4788 7880 4728
5506 694 5639 843
108 4372 146 4509
3306 1185 3287 1165
3084 3413 3200 3311
7011 2360 6931 2276
3629 514 3780 601
3950 5763 3853 5738
3450 2305 3408 2333
6293 455 6448 424
8081 1255 8064 1296
1410 2261 1439 2240
3579 4232 3545 4263
3277 4412 3183 4571
1954 3905 1824 3860
2670 6652 2776 6596
7806 7429 7749 7335
2791 3925 2692 3969
7456 4168 7505 4061
5268 8186 5425 8134
6244 6050 6369 6187
2467 6881 2366 7001
1073 6205 918 6182
872 3498 944 3422
188 7706 127 7543
1901 7131 1895 7128
4313 6086 4475 6134
3126 781 3182 752
7378 1218 7312 1255
7996 1354 7889 1341
5855 4644 5698 4617
7095 7962 7066 7994
3000 2079 3028 1983
3777 3135 3856 3186
988 5973 1113 6060
2956 7728 3017 7883
4791 1129 4902 1267
7426 3065 7428 2919
3010 4684 2886 4644
8160 3197 8154 3234
1488 2813 1536 2961
4801 2766 4708 2801
7398 5471 7544 5577
5875 1617 5925 1643
3903 1156 3805 1203
1731 3272 1681 3353
5809 5050 5739 4973
5353 5618 5429 5752
819 2055 957 2066
4915 5867 4978 5788
3111 6087 3108 6246
864 6074 905 6088
2095 8015 2130 7907
1035 608 1134 571
846 3642 748 3797
6974 3271 6817 3257
2663 4534 2567 4653
1257 1525 1298 1396
1799 7242 1726 7335
7137 3254 7073 3139
5553 362 5677 205
4765 4133 4669 4114
1924 7871 1887 7755
873 1302 899 1261
2184 7379 2134 7334
1321 6035 1172 5926
2181 6780 2211 6721
6668 6127 6609 6143
4889 1083 4907 1120
5805 4804 5960 4708
2533 263 2468 412
8022 6747 8186 6671
875 1735 846 1600
5393 1896 5433 2020
824 5228 971 5278
3998 4765 4082 4636
3297 7024 3423 6965
5810 5574 5849 5575
3770 3918 3898 3958
1089 3075 1241 3052
5535 7265 5667 7232
3693 2825 3688 2762
7193 5154 7291 5249
5885 6007 5801 5964
1994 7286 1964 7359
222 3025 138 2969
4496 3923 4385 4017
1438 4129 1300 4182
7856 1071 7836 1036
1247 5206 1244 5168
7254 6499 7170 6517
4009 2112 4029 2156
6600 1253 6741 1262
7739 4311 7843 4377
5642 5127 5664 5100
565 526 421 664
5402 5450 5395 5614
8041 6420 7923 6477
1301 3882 1247 3771
7709 6343 7615 6324
3499 2999 3638 3045
5067 2782 5231 2668
5206 42 5207 28
7991 5131 7902 5154
6262 5472 6330 5471
6775 5091 6932 5131
618 93 743 183
6374 6212 6362 6132
800 6280 661 6408
6136 1344 6263 1243
6767 5329 6621 5210
7705 3078 7606 3025
7192 1773 7251 1747
3152 5853 3074 5901
6746 7462 6836 7332
4050 2327 4201 2392
92 5899 105 5998
5275 1551 5256 1603
133 1276 178 1311
988 6793 971 6794
6066 3468 6203 3340
6671 2356 6656 2243
6243 5424 6192 5449
7067 2335 6969 2343
3474 2463 3371 2456
2214 1215 2192 1147
4838 6287 4811 6398
4430 703 4580 641
5668 7339 5757 7472
1261 5868 1224 5815
1424 7987 1308 7948
4503 6433 4505 6403
5267 5737 5345 5657
7953 4754 8010 4917
8116 3246 8112 3346
3940 6484 3788 6540
1399 5396 1259 5426
6802 921 6679 782
1165 6112 1262 5978
2081 1009 2236 1123
5929 6447 5984 6394
4755 7206 4718 7256
7100 1702 7139 1712
6117 1353 6038 1498
5802 4484 5738 4480
3189 7977 3181 7851
